0.000000
1.035783
0.130192
1.054878
0.260270
1.085867
0.389886
1.127444
0.518281
1.177686
0.644127
1.233965
0.765378
1.292861
0.879143
1.350082
0.981587
1.400424
1.067900
1.437778
1.132337
1.455241
1.168378
1.445340
1.169034
1.400424
1.127327
1.313237
1.036964
1.177686
0.893217
0.989808
0.693967
0.748870
0.440856
0.458526
0.140423
0.127885
-0.194938
-0.227722
-0.546450
-0.586511
-0.889082
-0.920833
-1.192644
-1.198817
-1.424024
-1.387252
-1.550702
-1.455700
-1.545398
-1.381600
-1.391492
-1.155812
-1.088467
-0.787710
-0.656336
-0.308619
-0.137759
0.227722
0.403456
0.748870
0.888472
1.172287
1.234463
1.418619
1.369773
1.428174
1.250984
1.177686
0.878341
0.693260
0.305035
0.054866
-0.364085
-0.611519
-0.987386
-1.155812
-1.414901
-1.437778
-1.526144
-1.366515
-1.268597
-0.934927
-0.684999
-0.236751
0.082595
0.544373
0.819769
1.177686
1.296742
1.453374
1.342869
1.257614
0.915474
0.628071
0.135166
-0.236751
-0.734704
-1.029336
-1.369485
-1.439181
-1.505471
-1.280021
-1.058857
-0.586511
-0.186913
0.370870
0.749978
1.177686
1.328664
1.452225
1.258043
1.035783
0.540047
0.100531
-0.495030
-0.899418
-1.323126
-1.437778
-1.488935
-1.198817
-0.869740
-0.281750
0.215541
0.810644
1.147131
1.431602
1.351991
1.177686
0.671028
0.173370
-0.493734
-0.955792
-1.389748
-1.455672
-1.395318
-0.955792
-0.471472
0.227722
0.752677
1.257614
1.383690
1.356816
0.920880
0.414903
-0.315188
-0.863022
-1.365157
-1.455700
-1.363003
-0.848223
-0.274304
0.484486
1.002093
1.407664
1.349217
1.085867
0.424218
-0.227722
-0.960685
-1.339582
-1.513772
-1.183039
-0.676002
0.127885
0.768657
1.321025
1.382566
1.177686
0.509619
-0.191518
-0.974745
-1.366515
-1.494051
-1.067400
-0.452605
0.414903
1.027207
1.437778
1.268863
0.810644
-0.041016
-0.772265
-1.388117
-1.439181
-1.144318
-0.353152
0.429184
1.177686
1.389015
1.224163
0.493176
-0.308619
-1.134934
-1.443047
-1.353520
-0.652712
0.164052
1.029336
1.372232
1.292861
0.576593
-0.263781
-1.134809
-1.448351
-1.308216
-0.527364
0.342510
1.177686
1.389116
1.115784
0.231664
-0.652712
-1.387738
-1.412214
-0.941595
0.054866
0.898668
1.437778
1.186116
0.484486
-0.578098
-1.271208
-1.493398
-0.899418
0.000636
1.003143
1.383815
1.177686
0.249695
-0.709290
-1.442085
-1.339582
-0.675040
0.441129
1.197749
1.418619
0.750761
-0.227722
-1.217188
-1.448351
-1.012687
0.082274
1.003417
1.455241
0.949156
-0.009146
-1.096466
-1.455700
-1.093222
0.009146
0.978289
1.455241
0.922645
-0.082274
-1.170913
-1.448351
-0.955868
0.227722
1.139807
1.418619
0.657775
-0.441129
-1.387425
-1.339582
-0.539122
0.709290
1.355714
1.177686
0.069299
-1.003143
-1.519600
-0.899418
0.218590
1.271208
1.297137
0.484486
-0.808368
-1.437778
-1.155806
0.054866
1.097351
1.412214
0.544073
-0.652712
-1.490353
-1.115784
-0.017348
1.177686
1.331908
0.527364
-0.823997
-1.448351
-1.053471
0.263781
1.240916
1.292861
0.160133
-1.029336
-1.502744
-0.652712
0.613824
1.443047
0.922815
-0.308619
-1.409326
-1.224163
-0.108745
1.177686
1.303562
0.353152
-1.043310
-1.439181
-0.674736
0.772265
1.390194
0.810644
-0.645511
-1.437778
-1.026236
0.414903
1.338224
1.067400
-0.349266
-1.366515
-1.202771
0.191518
1.271616
1.177686
-0.204532
-1.321025
-1.257553
0.127885
1.256729
1.183039
-0.222719
-1.339582
-1.214075
0.227722
1.305168
1.085867
-0.402845
-1.407664
-1.053370
0.484486
1.375617
0.848223
-0.728144
-1.455700
-0.724067
0.863022
1.369187
0.414903
-1.134179
-1.356816
-0.181715
1.257614
1.137475
-0.227722
-1.463753
-0.955792
0.531742
1.455672
0.544231
-0.955792
-1.457228
-0.173370
1.188938
1.177686
-0.384987
-1.431602
-0.866325
0.810644
1.362529
0.281750
-1.280626
-1.198817
0.254587
1.437778
0.673849
-0.899418
-1.457210
-0.100531
1.256795
1.035783
-0.662144
-1.452225
-0.469116
1.177686
1.137512
-0.370870
-1.516213
-0.586511
1.003774
1.280021
-0.313202
-1.439181
-0.724011
1.029336
1.230825
-0.236751
-1.506025
-0.628071
1.003784
1.257614
-0.402771
-1.453374
-0.556115
1.177686
1.083662
-0.544373
-1.512321
-0.236751
1.256823
0.934927
-0.900323
-1.366515
0.074112
1.437778
0.510873
-1.155812
-1.202656
0.611519
1.362577
0.054866
-1.468653
-0.693260
1.028298
1.177686
-0.645374
-1.428174
-0.090298
1.418619
0.544298
-1.172287
-1.143362
0.748870
1.303722
-0.227722
-1.520193
-0.308619
1.278876
0.787710
-1.134091
-1.155812
0.614008
1.381600
-0.295115
-1.455700
-0.290596
1.387252
0.577340
-1.198817
-1.053261
0.920833
1.177253
-0.586511
-1.462388
0.227722
1.389782
0.127885
-1.490115
-0.458526
1.256861
0.748870
-1.227849
-0.989808
0.899265
1.177686
-0.808099
-1.313237
0.447295
1.400424
-0.349110
-1.445340
0.001173
1.455241
0.069602
-1.437778
-0.380432
1.400424
0.408578
-1.350082
-0.674554
1.292861
0.658115
-1.233965
-0.881441
1.177686
0.825294
-1.127444
-1.012245
1.085867
0.923026
-1.054878
-1.079784
1.035783
0.962616
-1.029336
-1.092818
1.035783
0.949582
-1.054878
-1.053228
1.085867
0.882043
-1.127444
-0.955496
1.177686
0.751239
-1.233965
-0.788317
1.292861
0.544352
-1.350082
-0.538779
1.400424
0.250231
-1.437778
-0.199804
1.455241
-0.131375
-1.445340
0.218908
1.400424
-0.577497
-1.313237
0.677897
1.177686
-1.029467
-0.989808
1.097648
0.748870
-1.387062
-0.458526
1.359913
0.127885
-1.519984
0.227722
1.332186
-0.586511
-1.307454
0.920833
0.923059
-1.198817
-0.707542
1.387252
0.160395
-1.455700
0.164913
1.381600
-0.744210
-1.155812
1.003889
0.787710
-1.409078
-0.308619
1.389991
-0.227722
-1.433924
0.748870
1.013161
-1.172287
-0.674500
1.418619
-0.039904
-1.428174
0.515172
1.177686
-1.158500
-0.693260
1.338451
0.054866
-1.492778
0.611519
1.072454
-1.155812
-0.641075
1.437778
-0.204314
-1.366515
0.770121
0.934927
-1.387025
-0.236751
1.382119
-0.544373
-1.213863
1.177686
0.425913
-1.453374
0.272569
1.257614
-1.133986
-0.628071
1.375824
-0.236751
-1.361027
1.029336
0.593809
-1.439181
0.183000
1.280021
-1.133976
-0.586511
1.386011
-0.370870
-1.267713
1.177686
0.338914
-1.452225
0.531942
1.035783
-1.386997
-0.100531
1.327008
-0.899418
-0.804051
1.437778
-0.384788
-1.198817
1.150424
0.281750
-1.492731
0.810644
0.736124
-1.431602
0.254785
1.177686
-1.319140
-0.173370
1.327027
-0.955792
-0.674433
1.455672
-0.661944
-0.955792
1.333551
-0.227722
-1.267677
1.257614
0.051513
-1.356816
1.003977
0.414903
-1.499389
0.863022
0.593865
-1.455700
0.597943
0.848223
-1.505819
0.484486
0.923168
-1.407664
0.272643
1.085867
-1.435369
0.227722
1.083873
-1.339582
0.092518
1.183039
-1.386931
0.127885
1.127351
-1.321025
0.074330
1.177686
-1.401818
0.191518
1.072569
-1.366515
0.219065
1.067400
-1.468426
0.414903
0.896035
-1.437778
0.515309
0.810644
-1.520396
0.772265
0.544535
-1.439181
0.913108
0.353152
-1.433764
1.177686
-0.021456
-1.224163
1.279124
-0.308619
-1.053017
1.443047
-0.744025
-0.652712
1.372542
-1.029336
-0.290334
1.292861
-1.371118
0.263781
0.923270
-1.448351
0.693795
0.527364
-1.462110
1.177686
-0.112854
-1.115784
1.360152
-0.652712
-0.674275
1.412214
-1.227553
0.054866
1.025604
-1.437778
0.678166
0.484486
-1.427339
1.271208
-0.348792
-0.899418
1.389399
-1.003143
-0.199501
1.177686
-1.485916
0.709290
0.408921
-1.339582
1.257224
-0.441129
-0.787977
1.418619
-1.270009
0.227722
0.825666
-1.448351
1.040711
-0.082274
-1.052847
1.455241
-1.108491
0.009146
0.963020
-1.455700
0.966264
-0.009146
-1.079358
1.455241
-1.133619
0.082274
0.882485
-1.448351
1.086987
-0.227722
-0.880963
1.418619
-1.327951
0.441129
0.544838
-1.339582
1.311883
-0.709290
-0.379897
1.177686
-1.514017
1.003143
-0.130838
-0.899418
1.363196
-1.271208
0.447896
0.484486
-1.316318
1.437778
-1.028870
0.054866
0.811393
-1.412214
1.257536
-0.652712
-0.361866
1.115784
-1.519318
1.177686
-0.472712
-0.527364
1.178014
-1.448351
1.004608
-0.263781
-0.706795
1.292861
-1.502433
1.029336
-0.294254
-0.652712
1.223318
-1.443047
1.004732
-0.308619
-0.623378
1.224163
-1.519217
1.177686
-0.559386
-0.353152
1.014116
-1.439181
1.257915
-0.772265
-0.089186
0.810644
-1.399065
1.437778
-1.157409
0.414903
0.322404
-1.067400
1.363849
-1.366515
0.844543
-0.191518
-0.639821
1.177686
-1.512768
1.321025
-0.898859
0.127885
0.545800
-1.183039
1.383570
-1.339582
0.830483
-0.227722
-0.554420
1.085867
-1.479419
1.407664
-1.132295
0.484486
0.144102
-0.848223
1.232801
-1.455700
1.234955
-0.863022
0.184987
0.414903
-1.051082
1.356816
-1.513892
1.257614
-0.882878
0.227722
0.341270
-0.955792
1.265117
-1.455672
1.259546
-0.955792
0.363532
0.173370
-0.801230
1.177686
-1.482192
1.431602
-1.277333
0.810644
-0.345743
-0.281750
0.739538
-1.198817
1.358733
-1.437778
1.192924
-0.899418
0.364828
0.100531
-0.670249
1.035783
-1.388245
1.452225
-1.458865
1.177686
-0.880180
0.370870
0.056711
-0.586511
0.928655
-1.280021
1.375269
-1.439181
1.239283
-1.029336
0.604502
-0.236751
-0.265368
0.628071
-1.045676
1.257614
-1.473070
1.453374
-1.426944
1.177686
-0.949970
0.544373
-0.212797
-0.236751
0.554797
-0.934927
1.138395
-1.366515
1.395942
-1.437778
1.284699
-1.155812
0.857184
-0.611519
0.233883
0.054866
-0.435237
0.693260
-1.008543
1.177686
-1.381186
1.428174
-1.499974
1.418619
-1.364664
1.172287
-1.018673
0.748870
-0.533658
0.227722
0.007557
-0.308619
0.526135
-0.787710
0.958266
-1.155812
1.261290
-1.381600
1.415196
-1.455700
1.420500
-1.387252
1.293822
-1.198817
1.062442
-0.920833
0.758881
-0.586511
0.416248
-0.227722
0.064737
0.127885
-0.270625
0.458526
-0.571057
0.748870
-0.824169
0.989808
-1.023419
1.177686
-1.167166
1.313237
-1.257528
1.400424
-1.299236
1.445340
-1.298580
1.455241
-1.262539
1.437778
-1.198102
1.400424
-1.111789
1.350082
-1.009345
1.292861
-0.895580
1.233965
-0.774329
1.177686
-0.648483
1.127444
-0.520088
1.085867
-0.390472
1.054878
-0.260393
1.035783
-0.130202
1.029336
0.000000
1.035783
0.130192
1.054878
0.260270
1.085867
0.389886
1.127444
0.518281
1.177686
0.644127
1.233965
0.765378
1.292861
0.879143
1.350082
0.981587
1.400424
1.067900
1.437778
1.132337
1.455241
1.168378
1.445340
1.169034
1.400424
1.127327
1.313237
1.036964
1.177686
0.893217
0.989808
0.693967
0.748870
0.440856
0.458526
0.140423
0.127885
-0.194938
-0.227722
-0.546450
-0.586511
-0.889082
-0.920833
-1.192644
-1.198817
-1.424024
-1.387252
-1.550702
-1.455700
-1.545398
-1.381600
-1.391492
-1.155812
-1.088467
-0.787710
-0.656336
-0.308619
-0.137759
0.227722
0.403456
0.748870
0.888472
1.172287
1.234463
1.418619
1.369773
1.428174
1.250984
1.177686
0.878341
0.693260
0.305035
0.054866
-0.364085
-0.611519
-0.987386
-1.155812
-1.414901
-1.437778
-1.526144
-1.366515
-1.268597
-0.934927
-0.684999
-0.236751
0.082595
0.544373
0.819769
1.177686
1.296742
1.453374
1.342869
1.257614
0.915474
0.628071
0.135166
-0.236751
-0.734704
-1.029336
-1.369485
-1.439181
-1.505471
-1.280021
-1.058857
-0.586511
-0.186913
0.370870
0.749978
1.177686
1.328664
1.452225
1.258043
1.035783
0.540047
0.100531
-0.495030
-0.899418
-1.323126
-1.437778
-1.488935
-1.198817
-0.869740
-0.281750
0.215541
0.810644
1.147131
1.431602
1.351991
1.177686
0.671028
0.173370
-0.493734
-0.955792
-1.389748
-1.455672
-1.395318
-0.955792
-0.471472
0.227722
0.752677
1.257614
1.383690
1.356816
0.920880
0.414903
-0.315188
-0.863022
-1.365157
-1.455700
-1.363003
-0.848223
-0.274304
0.484486
1.002093
1.407664
1.349217
1.085867
0.424218
-0.227722
-0.960685
-1.339582
-1.513772
-1.183039
-0.676002
0.127885
0.768657
1.321025
1.382566
1.177686
0.509619
-0.191518
-0.974745
-1.366515
-1.494051
-1.067400
-0.452605
0.414903
1.027207
1.437778
1.268863
0.810644
-0.041016
-0.772265
-1.388117
-1.439181
-1.144318
-0.353152
0.429184
1.177686
1.389015
1.224163
0.493176
-0.308619
-1.134934
-1.443047
-1.353520
-0.652712
0.164052
1.029336
1.372232
1.292861
0.576593
-0.263781
-1.134809
-1.448351
-1.308216
-0.527364
0.342510
1.177686
1.389116
1.115784
0.231664
-0.652712
-1.387738
-1.412214
-0.941595
0.054866
0.898668
1.437778
1.186116
0.484486
-0.578098
-1.271208
-1.493398
-0.899418
0.000636
1.003143
1.383815
1.177686
0.249695
-0.709290
-1.442085
-1.339582
-0.675040
0.441129
1.197749
1.418619
0.750761
-0.227722
-1.217188
-1.448351
-1.012687
0.082274
1.003417
1.455241
0.949156
-0.009146
-1.096466
-1.455700
-1.093222
0.009146
0.978289
1.455241
0.922645
-0.082274
-1.170913
-1.448351
-0.955868
0.227722
1.139807
1.418619
0.657775
-0.441129
-1.387425
-1.339582
-0.539122
0.709290
1.355714
1.177686
0.069299
-1.003143
-1.519600
-0.899418
0.218590
1.271208
1.297137
0.484486
-0.808368
-1.437778
-1.155806
0.054866
1.097351
1.412214
0.544073
-0.652712
-1.490353
-1.115784
-0.017348
1.177686
1.331908
0.527364
-0.823997
-1.448351
-1.053471
0.263781
1.240916
1.292861
0.160133
-1.029336
-1.502744
-0.652712
0.613824
1.443047
0.922815
-0.308619
-1.409326
-1.224163
-0.108745
1.177686
1.303562
0.353152
-1.043310
-1.439181
-0.674736
0.772265
1.390194
0.810644
-0.645511
-1.437778
-1.026236
0.414903
1.338224
1.067400
-0.349266
-1.366515
-1.202771
0.191518
1.271616
1.177686
-0.204532
-1.321025
-1.257553
0.127885
1.256729
1.183039
-0.222719
-1.339582
-1.214075
0.227722
1.305168
1.085867
-0.402845
-1.407664
-1.053370
0.484486
1.375617
0.848223
-0.728144
-1.455700
-0.724067
0.863022
1.369187
0.414903
-1.134179
-1.356816
-0.181715
1.257614
1.137475
-0.227722
-1.463753
-0.955792
0.531742
1.455672
0.544231
-0.955792
-1.457228
-0.173370
1.188938
1.177686
-0.384987
-1.431602
-0.866325
0.810644
1.362529
0.281750
-1.280626
-1.198817
0.254587
1.437778
0.673849
-0.899418
-1.457210
-0.100531
1.256795
1.035783
-0.662144
-1.452225
-0.469116
1.177686
1.137512
-0.370870
-1.516213
-0.586511
1.003774
1.280021
-0.313202
-1.439181
-0.724011
1.029336
1.230825
-0.236751
-1.506025
-0.628071
1.003784
1.257614
-0.402771
-1.453374
-0.556115
1.177686
1.083662
-0.544373
-1.512321
-0.236751
1.256823
0.934927
-0.900323
-1.366515
0.074112
1.437778
0.510873
-1.155812
-1.202656
0.611519
1.362577
0.054866
-1.468653
-0.693260
1.028298
1.177686
-0.645374
-1.428174
-0.090298
1.418619
0.544298
-1.172287
-1.143362
0.748870
1.303722
-0.227722
-1.520193
-0.308619
1.278876
0.787710
-1.134091
-1.155812
0.614008
1.381600
-0.295115
-1.455700
-0.290596
1.387252
0.577340
-1.198817
-1.053261
0.920833
1.177253
-0.586511
-1.462388
0.227722
1.389782
0.127885
-1.490115
-0.458526
1.256861
0.748870
-1.227849
-0.989808
0.899265
1.177686
-0.808099
-1.313237
0.447295
1.400424
-0.349110
-1.445340
0.001173
1.455241
0.069602
-1.437778
-0.380432
1.400424
0.408578
-1.350082
-0.674554
1.292861
0.658115
-1.233965
-0.881441
1.177686
0.825294
-1.127444
-1.012245
1.085867
0.923026
-1.054878
-1.079784
1.035783
0.962616
-1.029336
-1.092818
1.035783
0.949582
-1.054878
-1.053228
1.085867
0.882043
-1.127444
-0.955496
1.177686
0.751239
-1.233965
-0.788317
1.292861
0.544352
-1.350082
-0.538779
1.400424
0.250231
-1.437778
-0.199804
1.455241
-0.131375
-1.445340
0.218908
1.400424
-0.577497
-1.313237
0.677897
1.177686
-1.029467
-0.989808
1.097648
0.748870
-1.387062
-0.458526
1.359913
0.127885
-1.519984
0.227722
1.332186
-0.586511
-1.307454
0.920833
0.923059
-1.198817
-0.707542
1.387252
0.160395
-1.455700
0.164913
1.381600
-0.744210
-1.155812
1.003889
0.787710
-1.409078
-0.308619
1.389991
-0.227722
-1.433924
0.748870
1.013161
-1.172287
-0.674500
1.418619
-0.039904
-1.428174
0.515172
1.177686
-1.158500
-0.693260
1.338451
0.054866
-1.492778
0.611519
1.072454
-1.155812
-0.641075
1.437778
-0.204314
-1.366515
0.770121
0.934927
-1.387025
-0.236751
1.382119
-0.544373
-1.213863
1.177686
0.425913
-1.453374
0.272569
1.257614
-1.133986
-0.628071
1.375824
-0.236751
-1.361027
1.029336
0.593809
-1.439181
0.183000
1.280021
-1.133976
-0.586511
1.386011
-0.370870
-1.267713
1.177686
0.338914
-1.452225
0.531942
1.035783
-1.386997
-0.100531
1.327008
-0.899418
-0.804051
1.437778
-0.384788
-1.198817
1.150424
0.281750
-1.492731
0.810644
0.736124
-1.431602
0.254785
1.177686
-1.319140
-0.173370
1.327027
-0.955792
-0.674433
1.455672
-0.661944
-0.955792
1.333551
-0.227722
-1.267677
1.257614
0.051513
-1.356816
1.003977
0.414903
-1.499389
0.863022
0.593865
-1.455700
0.597943
0.848223
-1.505819
0.484486
0.923168
-1.407664
0.272643
1.085867
-1.435369
0.227722
1.083873
-1.339582
0.092518
1.183039
-1.386931
0.127885
1.127351
-1.321025
0.074330
1.177686
-1.401818
0.191518
1.072569
-1.366515
0.219065
1.067400
-1.468426
0.414903
0.896035
-1.437778
0.515309
0.810644
-1.520396
0.772265
0.544535
-1.439181
0.913108
0.353152
-1.433764
1.177686
-0.021456
-1.224163
1.279124
-0.308619
-1.053017
1.443047
-0.744025
-0.652712
1.372542
-1.029336
-0.290334
1.292861
-1.371118
0.263781
0.923270
-1.448351
0.693795
0.527364
-1.462110
1.177686
-0.112854
-1.115784
1.360152
-0.652712
-0.674275
1.412214
-1.227553
0.054866
1.025604
-1.437778
0.678166
0.484486
-1.427339
1.271208
-0.348792
-0.899418
1.389399
-1.003143
-0.199501
1.177686
-1.485916
0.709290
0.408921
-1.339582
1.257224
-0.441129
-0.787977
1.418619
-1.270009
0.227722
0.825666
-1.448351
1.040711
-0.082274
-1.052847
1.455241
-1.108491
0.009146
0.963020
-1.455700
0.966264
-0.009146
-1.079358
1.455241
-1.133619
0.082274
0.882485
-1.448351
1.086987
-0.227722
-0.880963
1.418619
-1.327951
0.441129
0.544838
-1.339582
1.311883
-0.709290
-0.379897
1.177686
-1.514017
1.003143
-0.130838
-0.899418
1.363196
-1.271208
0.447896
0.484486
-1.316318
1.437778
-1.028870
0.054866
0.811393
-1.412214
1.257536
-0.652712
-0.361866
1.115784
-1.519318
1.177686
-0.472712
-0.527364
1.178014
-1.448351
1.004608
-0.263781
-0.706795
1.292861
-1.502433
1.029336
-0.294254
-0.652712
1.223318
-1.443047
1.004732
-0.308619
-0.623378
1.224163
-1.519217
1.177686
-0.559386
-0.353152
1.014116
-1.439181
1.257915
-0.772265
-0.089186
0.810644
-1.399065
1.437778
-1.157409
0.414903
0.322404
-1.067400
1.363849
-1.366515
0.844543
-0.191518
-0.639821
1.177686
-1.512768
1.321025
-0.898859
0.127885
0.545800
-1.183039
1.383570
-1.339582
0.830483
-0.227722
-0.554420
1.085867
-1.479419
1.407664
-1.132295
0.484486
0.144102
-0.848223
1.232801
-1.455700
1.234955
-0.863022
0.184987
0.414903
-1.051082
1.356816
-1.513892
1.257614
-0.882878
0.227722
0.341270
-0.955792
1.265117
-1.455672
1.259546
-0.955792
0.363532
0.173370
-0.801230
1.177686
-1.482192
1.431602
-1.277333
0.810644
-0.345743
-0.281750
0.739538
-1.198817
1.358733
-1.437778
1.192924
-0.899418
0.364828
0.100531
-0.670249
1.035783
-1.388245
1.452225
-1.458865
1.177686
-0.880180
0.370870
0.056711
-0.586511
0.928655
-1.280021
1.375269
-1.439181
1.239283
-1.029336
0.604502
-0.236751
-0.265368
0.628071
-1.045676
1.257614
-1.473070
1.453374
-1.426944
1.177686
-0.949970
0.544373
-0.212797
-0.236751
0.554797
-0.934927
1.138395
-1.366515
1.395942
-1.437778
1.284699
-1.155812
0.857184
-0.611519
0.233883
0.054866
-0.435237
0.693260
-1.008543
1.177686
-1.381186
1.428174
-1.499974
1.418619
-1.364664
1.172287
-1.018673
0.748870
-0.533658
0.227722
0.007557
-0.308619
0.526135
-0.787710
0.958266
-1.155812
1.261290
-1.381600
1.415196
-1.455700
1.420500
-1.387252
1.293822
-1.198817
1.062442
-0.920833
0.758881
-0.586511
0.416248
-0.227722
0.064737
0.127885
-0.270625
0.458526
-0.571057
0.748870
-0.824169
0.989808
-1.023419
1.177686
-1.167166
1.313237
-1.257528
1.400424
-1.299236
1.445340
-1.298580
1.455241
-1.262539
1.437778
-1.198102
1.400424
-1.111789
1.350082
-1.009345
1.292861
-0.895580
1.233965
-0.774329
1.177686
-0.648483
1.127444
-0.520088
1.085867
-0.390472
1.054878
-0.260393
1.035783
-0.130202
1.029336
0.000000
1.035783
0.130192
1.054878
0.260270
1.085867
0.389886
1.127444
0.518281
1.177686
0.644127
1.233965
0.765378
1.292861
0.879143
1.350082
0.981587
1.400424
1.067900
1.437778
1.132337
1.455241
1.168378
1.445340
1.169034
1.400424
1.127327
1.313237
1.036964
1.177686
0.893217
0.989808
0.693967
0.748870
0.440856
0.458526
0.140423
0.127885
-0.194938
-0.227722
-0.546450
-0.586511
-0.889082
-0.920833
-1.192644
-1.198817
-1.424024
-1.387252
-1.550702
-1.455700
-1.545398
-1.381600
-1.391492
-1.155812
-1.088467
-0.787710
-0.656336
-0.308619
-0.137759
0.227722
0.403456
0.748870
0.888472
1.172287
1.234463
1.418619
1.369773
1.428174
1.250984
1.177686
0.878341
0.693260
0.305035
0.054866
-0.364085
-0.611519
-0.987386
-1.155812
-1.414901
-1.437778
-1.526144
-1.366515
-1.268597
-0.934927
-0.684999
-0.236751
0.082595
0.544373
0.819769
1.177686
1.296742
1.453374
1.342869
1.257614
0.915474
0.628071
0.135166
-0.236751
-0.734704
-1.029336
-1.369485
-1.439181
-1.505471
-1.280021
-1.058857
-0.586511
-0.186913
0.370870
0.749978
1.177686
1.328664
1.452225
1.258043
1.035783
0.540047
0.100531
-0.495030
-0.899418
-1.323126
-1.437778
-1.488935
-1.198817
-0.869740
-0.281750
0.215541
0.810644
1.147131
1.431602
1.351991
1.177686
0.671028
0.173370
-0.493734
-0.955792
-1.389748
-1.455672
-1.395318
-0.955792
-0.471472
0.227722
0.752677
1.257614
1.383690
1.356816
0.920880
0.414903
-0.315188
-0.863022
-1.365157
-1.455700
-1.363003
-0.848223
-0.274304
0.484486
1.002093
1.407664
1.349217
1.085867
0.424218
-0.227722
-0.960685
-1.339582
-1.513772
-1.183039
-0.676002
0.127885
0.768657
1.321025
1.382566
1.177686
0.509619
-0.191518
-0.974745
-1.366515
-1.494051
-1.067400
-0.452605
0.414903
1.027207
1.437778
1.268863
0.810644
-0.041016
-0.772265
-1.388117
-1.439181
-1.144318
-0.353152
0.429184
1.177686
1.389015
1.224163
0.493176
-0.308619
-1.134934
-1.443047
-1.353520
-0.652712
0.164052
1.029336
1.372232
1.292861
0.576593
-0.263781
-1.134809
-1.448351
-1.308216
-0.527364
0.342510
1.177686
1.389116
1.115784
0.231664
-0.652712
-1.387738
-1.412214
-0.941595
0.054866
0.898668
1.437778
1.186116
0.484486
-0.578098
-1.271208
-1.493398
-0.899418
0.000636
1.003143
1.383815
1.177686
0.249695
-0.709290
-1.442085
-1.339582
-0.675040
0.441129
1.197749
1.418619
0.750761
-0.227722
-1.217188
-1.448351
-1.012687
0.082274
1.003417
1.455241
0.949156
-0.009146
-1.096466
-1.455700
-1.093222
0.009146
0.978289
1.455241
0.922645
-0.082274
-1.170913
-1.448351
-0.955868
0.227722
1.139807
1.418619
0.657775
-0.441129
-1.387425
-1.339582
-0.539122
0.709290
1.355714
1.177686
0.069299
-1.003143
-1.519600
-0.899418
0.218590
1.271208
1.297137
0.484486
-0.808368
-1.437778
-1.155806
0.054866
1.097351
1.412214
0.544073
-0.652712
-1.490353
-1.115784
-0.017348
1.177686
1.331908
0.527364
-0.823997
-1.448351
-1.053471
0.263781
1.240916
1.292861
0.160133
-1.029336
-1.502744
-0.652712
0.613824
1.443047
0.922815
-0.308619
-1.409326
-1.224163
-0.108745
1.177686
1.303562
0.353152
-1.043310
-1.439181
-0.674736
0.772265
1.390194
0.810644
-0.645511
-1.437778
-1.026236
0.414903
1.338224
1.067400
-0.349266
-1.366515
-1.202771
0.191518
1.271616
1.177686
-0.204532
-1.321025
-1.257553
0.127885
1.256729
1.183039
-0.222719
-1.339582
-1.214075
0.227722
1.305168
1.085867
-0.402845
-1.407664
-1.053370
0.484486
1.375617
0.848223
-0.728144
-1.455700
-0.724067
0.863022
1.369187
0.414903
-1.134179
-1.356816
-0.181715
1.257614
1.137475
-0.227722
-1.463753
-0.955792
0.531742
1.455672
0.544231
-0.955792
-1.457228
-0.173370
1.188938
1.177686
-0.384987
-1.431602
-0.866325
0.810644
1.362529
0.281750
-1.280626
-1.198817
0.254587
1.437778
0.673849
-0.899418
-1.457210
-0.100531
1.256795
1.035783
-0.662144
-1.452225
-0.469116
1.177686
1.137512
-0.370870
-1.516213
-0.586511
1.003774
1.280021
-0.313202
-1.439181
-0.724011
1.029336
1.230825
-0.236751
-1.506025
-0.628071
1.003784
1.257614
-0.402771
-1.453374
-0.556115
1.177686
1.083662
-0.544373
-1.512321
-0.236751
1.256823
0.934927
-0.900323
-1.366515
0.074112
1.437778
0.510873
-1.155812
-1.202656
0.611519
1.362577
0.054866
-1.468653
-0.693260
1.028298
1.177686
-0.645374
-1.428174
-0.090298
1.418619
0.544298
-1.172287
-1.143362
0.748870
1.303722
-0.227722
-1.520193
-0.308619
1.278876
0.787710
-1.134091
-1.155812
0.614008
1.381600
-0.295115
-1.455700
-0.290596
1.387252
0.577340
-1.198817
-1.053261
0.920833
1.177253
-0.586511
-1.462388
0.227722
1.389782
0.127885
-1.490115
-0.458526
1.256861
0.748870
-1.227849
-0.989808
0.899265
1.177686
-0.808099
-1.313237
0.447295
1.400424
-0.349110
-1.445340
0.001173
1.455241
0.069602
-1.437778
-0.380432
1.400424
0.408578
-1.350082
-0.674554
1.292861
0.658115
-1.233965
-0.881441
1.177686
0.825294
-1.127444
-1.012245
1.085867
0.923026
-1.054878
-1.079784
1.035783
0.962616
-1.029336
-1.092818
1.035783
0.949582
-1.054878
-1.053228
1.085867
0.882043
-1.127444
-0.955496
1.177686
0.751239
-1.233965
-0.788317
1.292861
0.544352
-1.350082
-0.538779
1.400424
0.250231
-1.437778
-0.199804
1.455241
-0.131375
-1.445340
0.218908
1.400424
-0.577497
-1.313237
0.677897
1.177686
-1.029467
-0.989808
1.097648
0.748870
-1.387062
-0.458526
1.359913
0.127885
-1.519984
0.227722
1.332186
-0.586511
-1.307454
0.920833
0.923059
-1.198817
-0.707542
1.387252
0.160395
-1.455700
0.164913
1.381600
-0.744210
-1.155812
1.003889
0.787710
-1.409078
-0.308619
1.389991
-0.227722
-1.433924
0.748870
1.013161
-1.172287
-0.674500
1.418619
-0.039904
-1.428174
0.515172
1.177686
-1.158500
-0.693260
1.338451
0.054866
-1.492778
0.611519
1.072454
-1.155812
-0.641075
1.437778
-0.204314
-1.366515
0.770121
0.934927
-1.387025
-0.236751
1.382119
-0.544373
-1.213863
1.177686
0.425913
-1.453374
0.272569
1.257614
-1.133986
-0.628071
1.375824
-0.236751
-1.361027
1.029336
0.593809
-1.439181
0.183000
1.280021
-1.133976
-0.586511
1.386011
-0.370870
-1.267713
1.177686
0.338914
-1.452225
0.531942
1.035783
-1.386997
-0.100531
1.327008
-0.899418
-0.804051
1.437778
-0.384788
-1.198817
1.150424
0.281750
-1.492731
0.810644
0.736124
-1.431602
0.254785
1.177686
-1.319140
-0.173370
1.327027
-0.955792
-0.674433
1.455672
-0.661944
-0.955792
1.333551
-0.227722
-1.267677
1.257614
0.051513
-1.356816
1.003977
0.414903
-1.499389
0.863022
0.593865
-1.455700
0.597943
0.848223
-1.505819
0.484486
0.923168
-1.407664
0.272643
1.085867
-1.435369
0.227722
1.083873
-1.339582
0.092518
1.183039
-1.386931
0.127885
1.127351
-1.321025
0.074330
1.177686
-1.401818
0.191518
1.072569
-1.366515
0.219065
1.067400
-1.468426
0.414903
0.896035
-1.437778
0.515309
0.810644
-1.520396
0.772265
0.544535
-1.439181
0.913108
0.353152
-1.433764
1.177686
-0.021456
-1.224163
1.279124
-0.308619
-1.053017
1.443047
-0.744025
-0.652712
1.372542
-1.029336
-0.290334
1.292861
-1.371118
0.263781
0.923270
-1.448351
0.693795
0.527364
-1.462110
1.177686
-0.112854
-1.115784
1.360152
-0.652712
-0.674275
1.412214
-1.227553
0.054866
1.025604
-1.437778
0.678166
0.484486
-1.427339
1.271208
-0.348792
-0.899418
1.389399
-1.003143
-0.199501
1.177686
-1.485916
0.709290
0.408921
-1.339582
1.257224
-0.441129
-0.787977
1.418619
-1.270009
0.227722
0.825666
-1.448351
1.040711
-0.082274
-1.052847
1.455241
-1.108491
0.009146
0.963020
-1.455700
0.966264
-0.009146
-1.079358
1.455241
-1.133619
0.082274
0.882485
-1.448351
1.086987
-0.227722
-0.880963
1.418619
-1.327951
0.441129
0.544838
-1.339582
1.311883
-0.709290
-0.379897
1.177686
-1.514017
1.003143
-0.130838
-0.899418
1.363196
-1.271208
0.447896
0.484486
-1.316318
1.437778
-1.028870
0.054866
0.811393
-1.412214
1.257536
-0.652712
-0.361866
1.115784
-1.519318
1.177686
-0.472712
-0.527364
1.178014
-1.448351
1.004608
-0.263781
-0.706795
1.292861
-1.502433
1.029336
-0.294254
-0.652712
1.223318
-1.443047
1.004732
-0.308619
-0.623378
1.224163
-1.519217
1.177686
-0.559386
-0.353152
1.014116
-1.439181
1.257915
-0.772265
-0.089186
0.810644
-1.399065
1.437778
-1.157409
0.414903
0.322404
-1.067400
1.363849
-1.366515
0.844543
-0.191518
-0.639821
1.177686
-1.512768
1.321025
-0.898859
0.127885
0.545800
-1.183039
1.383570
-1.339582
0.830483
-0.227722
-0.554420
1.085867
-1.479419
1.407664
-1.132295
0.484486
0.144102
-0.848223
1.232801
-1.455700
1.234955
-0.863022
0.184987
0.414903
-1.051082
1.356816
-1.513892
1.257614
-0.882878
0.227722
0.341270
-0.955792
1.265117
-1.455672
1.259546
-0.955792
0.363532
0.173370
-0.801230
1.177686
-1.482192
1.431602
-1.277333
0.810644
-0.345743
-0.281750
0.739538
-1.198817
1.358733
-1.437778
1.192924
-0.899418
0.364828
0.100531
-0.670249
1.035783
-1.388245
1.452225
-1.458865
1.177686
-0.880180
0.370870
0.056711
-0.586511
0.928655
-1.280021
1.375269
-1.439181
1.239283
-1.029336
0.604502
-0.236751
-0.265368
0.628071
-1.045676
1.257614
-1.473070
1.453374
-1.426944
1.177686
-0.949970
0.544373
-0.212797
-0.236751
0.554797
-0.934927
1.138395
-1.366515
1.395942
-1.437778
1.284699
-1.155812
0.857184
-0.611519
0.233883
0.054866
-0.435237
0.693260
-1.008543
1.177686
-1.381186
1.428174
-1.499974
1.418619
-1.364664
1.172287
-1.018673
0.748870
-0.533658
0.227722
0.007557
-0.308619
0.526135
-0.787710
0.958266
-1.155812
1.261290
-1.381600
1.415196
-1.455700
1.420500
-1.387252
1.293822
-1.198817
1.062442
-0.920833
0.758881
-0.586511
0.416248
-0.227722
0.064737
0.127885
-0.270625
0.458526
-0.571057
0.748870
-0.824169
0.989808
-1.023419
1.177686
-1.167166
1.313237
-1.257528
1.400424
-1.299236
1.445340
-1.298580
1.455241
-1.262539
1.437778
-1.198102
1.400424
-1.111789
1.350082
-1.009345
1.292861
-0.895580
1.233965
-0.774329
1.177686
-0.648483
1.127444
-0.520088
1.085867
-0.390472
1.054878
-0.260393
1.035783
-0.130202
1.029336
0.000000
1.035783
0.130192
1.054878
0.260270
1.085867
0.389886
1.127444
0.518281
1.177686
0.644127
1.233965
0.765378
1.292861
0.879143
1.350082
0.981587
1.400424
1.067900
1.437778
1.132337
1.455241
1.168378
1.445340
1.169034
1.400424
1.127327
1.313237
1.036964
1.177686
0.893217
0.989808
0.693967
0.748870
0.440856
0.458526
0.140423
0.127885
-0.194938
-0.227722
-0.546450
-0.586511
-0.889082
-0.920833
-1.192644
-1.198817
-1.424024
-1.387252
-1.550702
-1.455700
-1.545398
-1.381600
-1.391492
-1.155812
-1.088467
-0.787710
-0.656336
-0.308619
-0.137759
0.227722
0.403456
0.748870
0.888472
1.172287
1.234463
1.418619
1.369773
1.428174
1.250984
1.177686
0.878341
0.693260
0.305035
0.054866
-0.364085
-0.611519
-0.987386
-1.155812
-1.414901
-1.437778
-1.526144
-1.366515
-1.268597
-0.934927
-0.684999
-0.236751
0.082595
0.544373
0.819769
1.177686
1.296742
1.453374
1.342869
1.257614
0.915474
0.628071
0.135166
-0.236751
-0.734704
-1.029336
-1.369485
-1.439181
-1.505471
-1.280021
-1.058857
-0.586511
-0.186913
0.370870
0.749978
1.177686
1.328664
1.452225
1.258043
1.035783
0.540047
0.100531
-0.495030
-0.899418
-1.323126
-1.437778
-1.488935
-1.198817
-0.869740
-0.281750
0.215541
0.810644
1.147131
1.431602
1.351991
1.177686
0.671028
0.173370
-0.493734
-0.955792
-1.389748
-1.455672
-1.395318
-0.955792
-0.471472
0.227722
0.752677
1.257614
1.383690
1.356816
0.920880
0.414903
-0.315188
-0.863022
-1.365157
-1.455700
-1.363003
-0.848223
-0.274304
0.484486
1.002093
1.407664
1.349217
1.085867
0.424218
-0.227722
-0.960685
-1.339582
-1.513772
-1.183039
-0.676002
0.127885
0.768657
1.321025
1.382566
1.177686
0.509619
-0.191518
-0.974745
-1.366515
-1.494051
-1.067400
-0.452605
0.414903
1.027207
1.437778
1.268863
0.810644
-0.041016
-0.772265
-1.388117
-1.439181
-1.144318
-0.353152
0.429184
1.177686
1.389015
1.224163
0.493176
-0.308619
-1.134934
-1.443047
-1.353520
-0.652712
0.164052
1.029336
1.372232
1.292861
0.576593
-0.263781
-1.134809
-1.448351
-1.308216
-0.527364
0.342510
1.177686
1.389116
1.115784
0.231664
-0.652712
-1.387738
-1.412214
-0.941595
0.054866
0.898668
1.437778
1.186116
0.484486
-0.578098
-1.271208
-1.493398
-0.899418
0.000636
1.003143
1.383815
1.177686
0.249695
-0.709290
-1.442085
-1.339582
-0.675040
0.441129
1.197749
1.418619
0.750761
-0.227722
-1.217188
-1.448351
-1.012687
0.082274
1.003417
1.455241
0.949156
-0.009146
-1.096466
-1.455700
-1.093222
0.009146
0.978289
1.455241
0.922645
-0.082274
-1.170913
-1.448351
-0.955868
0.227722
1.139807
1.418619
0.657775
-0.441129
-1.387425
-1.339582
-0.539122
0.709290
1.355714
1.177686
0.069299
-1.003143
-1.519600
-0.899418
0.218590
1.271208
1.297137
0.484486
-0.808368
-1.437778
-1.155806
0.054866
1.097351
1.412214
0.544073
-0.652712
-1.490353
-1.115784
-0.017348
1.177686
1.331908
0.527364
-0.823997
-1.448351
-1.053471
0.263781
1.240916
1.292861
0.160133
-1.029336
-1.502744
-0.652712
0.613824
1.443047
0.922815
-0.308619
-1.409326
-1.224163
-0.108745
1.177686
1.303562
0.353152
-1.043310
-1.439181
-0.674736
0.772265
1.390194
0.810644
-0.645511
-1.437778
-1.026236
0.414903
1.338224
1.067400
-0.349266
-1.366515
-1.202771
0.191518
1.271616
1.177686
-0.204532
-1.321025
-1.257553
0.127885
1.256729
1.183039
-0.222719
-1.339582
-1.214075
0.227722
1.305168
1.085867
-0.402845
-1.407664
-1.053370
0.484486
1.375617
0.848223
-0.728144
-1.455700
-0.724067
0.863022
1.369187
0.414903
-1.134179
-1.356816
-0.181715
1.257614
1.137475
-0.227722
-1.463753
-0.955792
0.531742
1.455672
0.544231
-0.955792
-1.457228
-0.173370
1.188938
1.177686
-0.384987
-1.431602
-0.866325
0.810644
1.362529
0.281750
-1.280626
-1.198817
0.254587
1.437778
0.673849
-0.899418
-1.457210
-0.100531
1.256795
1.035783
-0.662144
-1.452225
-0.469116
1.177686
1.137512
-0.370870
-1.516213
-0.586511
1.003774
1.280021
-0.313202
-1.439181
-0.724011
1.029336
1.230825
-0.236751
-1.506025
-0.628071
1.003784
1.257614
-0.402771
-1.453374
-0.556115
1.177686
1.083662
-0.544373
-1.512321
-0.236751
1.256823
0.934927
-0.900323
-1.366515
0.074112
1.437778
0.510873
-1.155812
-1.202656
0.611519
1.362577
0.054866
-1.468653
-0.693260
1.028298
1.177686
-0.645374
-1.428174
-0.090298
1.418619
0.544298
-1.172287
-1.143362
0.748870
1.303722
-0.227722
-1.520193
-0.308619
1.278876
0.787710
-1.134091
-1.155812
0.614008
1.381600
-0.295115
-1.455700
-0.290596
1.387252
0.577340
-1.198817
-1.053261
0.920833
1.177253
-0.586511
-1.462388
0.227722
1.389782
0.127885
-1.490115
-0.458526
1.256861
0.748870
-1.227849
-0.989808
0.899265
1.177686
-0.808099
-1.313237
0.447295
1.400424
-0.349110
-1.445340
0.001173
1.455241
0.069602
-1.437778
-0.380432
1.400424
0.408578
-1.350082
-0.674554
1.292861
0.658115
-1.233965
-0.881441
1.177686
0.825294
-1.127444
-1.012245
1.085867
0.923026
-1.054878
-1.079784
1.035783
0.962616
-1.029336
-1.092818
1.035783
0.949582
-1.054878
-1.053228
1.085867
0.882043
-1.127444
-0.955496
1.177686
0.751239
-1.233965
-0.788317
1.292861
0.544352
-1.350082
-0.538779
1.400424
0.250231
-1.437778
-0.199804
1.455241
-0.131375
-1.445340
0.218908
1.400424
-0.577497
-1.313237
0.677897
1.177686
-1.029467
-0.989808
1.097648
0.748870
-1.387062
-0.458526
1.359913
0.127885
-1.519984
0.227722
1.332186
-0.586511
-1.307454
0.920833
0.923059
-1.198817
-0.707542
1.387252
0.160395
-1.455700
0.164913
1.381600
-0.744210
-1.155812
1.003889
0.787710
-1.409078
-0.308619
1.389991
-0.227722
-1.433924
0.748870
1.013161
-1.172287
-0.674500
1.418619
-0.039904
-1.428174
0.515172
1.177686
-1.158500
-0.693260
1.338451
0.054866
-1.492778
0.611519
1.072454
-1.155812
-0.641075
1.437778
-0.204314
-1.366515
0.770121
0.934927
-1.387025
-0.236751
1.382119
-0.544373
-1.213863
1.177686
0.425913
-1.453374
0.272569
1.257614
-1.133986
-0.628071
1.375824
-0.236751
-1.361027
1.029336
0.593809
-1.439181
0.183000
1.280021
-1.133976
-0.586511
1.386011
-0.370870
-1.267713
1.177686
0.338914
-1.452225
0.531942
1.035783
-1.386997
-0.100531
1.327008
-0.899418
-0.804051
1.437778
-0.384788
-1.198817
1.150424
0.281750
-1.492731
0.810644
0.736124
-1.431602
0.254785
1.177686
-1.319140
-0.173370
1.327027
-0.955792
-0.674433
1.455672
-0.661944
-0.955792
1.333551
-0.227722
-1.267677
1.257614
0.051513
-1.356816
1.003977
0.414903
-1.499389
0.863022
0.593865
-1.455700
0.597943
0.848223
-1.505819
0.484486
0.923168
-1.407664
0.272643
1.085867
-1.435369
0.227722
1.083873
-1.339582
0.092518
1.183039
-1.386931
0.127885
1.127351
-1.321025
0.074330
1.177686
-1.401818
0.191518
1.072569
-1.366515
0.219065
1.067400
-1.468426
0.414903
0.896035
-1.437778
0.515309
0.810644
-1.520396
0.772265
0.544535
-1.439181
0.913108
0.353152
-1.433764
1.177686
-0.021456
-1.224163
1.279124
-0.308619
-1.053017
1.443047
-0.744025
-0.652712
1.372542
-1.029336
-0.290334
1.292861
-1.371118
0.263781
0.923270
-1.448351
0.693795
0.527364
-1.462110
1.177686
-0.112854
-1.115784
1.360152
-0.652712
-0.674275
1.412214
-1.227553
0.054866
1.025604
-1.437778
0.678166
0.484486
-1.427339
1.271208
-0.348792
-0.899418
1.389399
-1.003143
-0.199501
1.177686
-1.485916
0.709290
0.408921
-1.339582
1.257224
-0.441129
-0.787977
1.418619
-1.270009
0.227722
0.825666
-1.448351
1.040711
-0.082274
-1.052847
1.455241
-1.108491
0.009146
0.963020
-1.455700
0.966264
-0.009146
-1.079358
1.455241
-1.133619
0.082274
0.882485
-1.448351
1.086987
-0.227722
-0.880963
1.418619
-1.327951
0.441129
0.544838
-1.339582
1.311883
-0.709290
-0.379897
1.177686
-1.514017
1.003143
-0.130838
-0.899418
1.363196
-1.271208
0.447896
0.484486
-1.316318
1.437778
-1.028870
0.054866
0.811393
-1.412214
1.257536
-0.652712
-0.361866
1.115784
-1.519318
1.177686
-0.472712
-0.527364
1.178014
-1.448351
1.004608
-0.263781
-0.706795
1.292861
-1.502433
1.029336
-0.294254
-0.652712
1.223318
-1.443047
1.004732
-0.308619
-0.623378
1.224163
-1.519217
1.177686
-0.559386
-0.353152
1.014116
-1.439181
1.257915
-0.772265
-0.089186
0.810644
-1.399065
1.437778
-1.157409
0.414903
0.322404
-1.067400
1.363849
-1.366515
0.844543
-0.191518
-0.639821
1.177686
-1.512768
1.321025
-0.898859
0.127885
0.545800
-1.183039
1.383570
-1.339582
0.830483
-0.227722
-0.554420
1.085867
-1.479419
1.407664
-1.132295
0.484486
0.144102
-0.848223
1.232801
-1.455700
1.234955
-0.863022
0.184987
0.414903
-1.051082
1.356816
-1.513892
1.257614
-0.882878
0.227722
0.341270
-0.955792
1.265117
-1.455672
1.259546
-0.955792
0.363532
0.173370
-0.801230
1.177686
-1.482192
1.431602
-1.277333
0.810644
-0.345743
-0.281750
0.739538
-1.198817
1.358733
-1.437778
1.192924
-0.899418
0.364828
0.100531
-0.670249
1.035783
-1.388245
1.452225
-1.458865
1.177686
-0.880180
0.370870
0.056711
-0.586511
0.928655
-1.280021
1.375269
-1.439181
1.239283
-1.029336
0.604502
-0.236751
-0.265368
0.628071
-1.045676
1.257614
-1.473070
1.453374
-1.426944
1.177686
-0.949970
0.544373
-0.212797
-0.236751
0.554797
-0.934927
1.138395
-1.366515
1.395942
-1.437778
1.284699
-1.155812
0.857184
-0.611519
0.233883
0.054866
-0.435237
0.693260
-1.008543
1.177686
-1.381186
1.428174
-1.499974
1.418619
-1.364664
1.172287
-1.018673
0.748870
-0.533658
0.227722
0.007557
-0.308619
0.526135
-0.787710
0.958266
-1.155812
1.261290
-1.381600
1.415196
-1.455700
1.420500
-1.387252
1.293822
-1.198817
1.062442
-0.920833
0.758881
-0.586511
0.416248
-0.227722
0.064737
0.127885
-0.270625
0.458526
-0.571057
0.748870
-0.824169
0.989808
-1.023419
1.177686
-1.167166
1.313237
-1.257528
1.400424
-1.299236
1.445340
-1.298580
1.455241
-1.262539
1.437778
-1.198102
1.400424
-1.111789
1.350082
-1.009345
1.292861
-0.895580
1.233965
-0.774329
1.177686
-0.648483
1.127444
-0.520088
1.085867
-0.390472
1.054878
-0.260393
1.035783
-0.130202
1.029336
0.000000
1.035783
0.130192
1.054878
0.260270
1.085867
0.389886
1.127444
0.518281
1.177686
0.644127
1.233965
0.765378
1.292861
0.879143
1.350082
0.981587
1.400424
1.067900
1.437778
1.132337
1.455241
1.168378
1.445340
1.169034
1.400424
1.127327
1.313237
1.036964
1.177686
0.893217
0.989808
0.693967
0.748870
0.440856
0.458526
0.140423
0.127885
-0.194938
-0.227722
-0.546450
-0.586511
-0.889082
-0.920833
-1.192644
-1.198817
-1.424024
-1.387252
-1.550702
-1.455700
-1.545398
-1.381600
-1.391492
-1.155812
-1.088467
-0.787710
-0.656336
-0.308619
-0.137759
0.227722
0.403456
0.748870
0.888472
1.172287
1.234463
1.418619
1.369773
1.428174
1.250984
1.177686
0.878341
0.693260
0.305035
0.054866
-0.364085
-0.611519
-0.987386
-1.155812
-1.414901
-1.437778
-1.526144
-1.366515
-1.268597
-0.934927
-0.684999
-0.236751
0.082595
0.544373
0.819769
1.177686
1.296742
1.453374
1.342869
1.257614
0.915474
0.628071
0.135166
-0.236751
-0.734704
-1.029336
-1.369485
-1.439181
-1.505471
-1.280021
-1.058857
-0.586511
-0.186913
0.370870
0.749978
1.177686
1.328664
1.452225
1.258043
1.035783
0.540047
0.100531
-0.495030
-0.899418
-1.323126
-1.437778
-1.488935
-1.198817
-0.869740
-0.281750
0.215541
0.810644
1.147131
1.431602
1.351991
1.177686
0.671028
0.173370
-0.493734
-0.955792
-1.389748
-1.455672
-1.395318
-0.955792
-0.471472
0.227722
0.752677
1.257614
1.383690
1.356816
0.920880
0.414903
-0.315188
-0.863022
-1.365157
-1.455700
-1.363003
-0.848223
-0.274304
0.484486
1.002093
1.407664
1.349217
1.085867
0.424218
-0.227722
-0.960685
-1.339582
-1.513772
-1.183039
-0.676002
0.127885
0.768657
1.321025
1.382566
1.177686
0.509619
-0.191518
-0.974745
-1.366515
-1.494051
-1.067400
-0.452605
0.414903
1.027207
1.437778
1.268863
0.810644
-0.041016
-0.772265
-1.388117
-1.439181
-1.144318
-0.353152
0.429184
1.177686
1.389015
1.224163
0.493176
-0.308619
-1.134934
-1.443047
-1.353520
-0.652712
0.164052
1.029336
1.372232
1.292861
0.576593
-0.263781
-1.134809
-1.448351
-1.308216
-0.527364
0.342510
1.177686
1.389116
1.115784
0.231664
-0.652712
-1.387738
-1.412214
-0.941595
0.054866
0.898668
1.437778
1.186116
0.484486
-0.578098
-1.271208
-1.493398
-0.899418
0.000636
1.003143
1.383815
1.177686
0.249695
-0.709290
-1.442085
-1.339582
-0.675040
0.441129
1.197749
1.418619
0.750761
-0.227722
-1.217188
-1.448351
-1.012687
0.082274
1.003417
1.455241
0.949156
-0.009146
-1.096466
-1.455700
-1.093222
0.009146
0.978289
1.455241
0.922645
-0.082274
-1.170913
-1.448351
-0.955868
0.227722
1.139807
1.418619
0.657775
-0.441129
-1.387425
-1.339582
-0.539122
0.709290
1.355714
1.177686
0.069299
-1.003143
-1.519600
-0.899418
0.218590
1.271208
1.297137
0.484486
-0.808368
-1.437778
-1.155806
0.054866
1.097351
1.412214
0.544073
-0.652712
-1.490353
-1.115784
-0.017348
1.177686
1.331908
0.527364
-0.823997
-1.448351
-1.053471
0.263781
1.240916
1.292861
0.160133
-1.029336
-1.502744
-0.652712
0.613824
1.443047
0.922815
-0.308619
-1.409326
-1.224163
-0.108745
1.177686
1.303562
0.353152
-1.043310
-1.439181
-0.674736
0.772265
1.390194
0.810644
-0.645511
-1.437778
-1.026236
0.414903
1.338224
1.067400
-0.349266
-1.366515
-1.202771
0.191518
1.271616
1.177686
-0.204532
-1.321025
-1.257553
0.127885
1.256729
1.183039
-0.222719
-1.339582
-1.214075
0.227722
1.305168
1.085867
-0.402845
-1.407664
-1.053370
0.484486
1.375617
0.848223
-0.728144
-1.455700
-0.724067
0.863022
1.369187
0.414903
-1.134179
-1.356816
-0.181715
1.257614
1.137475
-0.227722
-1.463753
-0.955792
0.531742
1.455672
0.544231
-0.955792
-1.457228
-0.173370
1.188938
1.177686
-0.384987
-1.431602
-0.866325
0.810644
1.362529
0.281750
-1.280626
-1.198817
0.254587
1.437778
0.673849
-0.899418
-1.457210
-0.100531
1.256795
1.035783
-0.662144
-1.452225
-0.469116
1.177686
1.137512
-0.370870
-1.516213
-0.586511
1.003774
1.280021
-0.313202
-1.439181
-0.724011
1.029336
1.230825
-0.236751
-1.506025
-0.628071
1.003784
1.257614
-0.402771
-1.453374
-0.556115
1.177686
1.083662
-0.544373
-1.512321
-0.236751
1.256823
0.934927
-0.900323
-1.366515
0.074112
1.437778
0.510873
-1.155812
-1.202656
0.611519
1.362577
0.054866
-1.468653
-0.693260
1.028298
1.177686
-0.645374
-1.428174
-0.090298
1.418619
0.544298
-1.172287
-1.143362
0.748870
1.303722
-0.227722
-1.520193
-0.308619
1.278876
0.787710
-1.134091
-1.155812
0.614008
1.381600
-0.295115
-1.455700
-0.290596
1.387252
0.577340
-1.198817
-1.053261
0.920833
1.177253
-0.586511
-1.462388
0.227722
1.389782
0.127885
-1.490115
-0.458526
1.256861
0.748870
-1.227849
-0.989808
0.899265
1.177686
-0.808099
-1.313237
0.447295
1.400424
-0.349110
-1.445340
0.001173
1.455241
0.069602
-1.437778
-0.380432
1.400424
0.408578
-1.350082
-0.674554
1.292861
0.658115
-1.233965
-0.881441
1.177686
0.825294
-1.127444
-1.012245
1.085867
0.923026
-1.054878
-1.079784
1.035783
0.962616
-1.029336
-1.092818
1.035783
0.949582
-1.054878
-1.053228
1.085867
0.882043
-1.127444
-0.955496
1.177686
0.751239
-1.233965
-0.788317
1.292861
0.544352
-1.350082
-0.538779
1.400424
0.250231
-1.437778
-0.199804
1.455241
-0.131375
-1.445340
0.218908
1.400424
-0.577497
-1.313237
0.677897
1.177686
-1.029467
-0.989808
1.097648
0.748870
-1.387062
-0.458526
1.359913
0.127885
-1.519984
0.227722
1.332186
-0.586511
-1.307454
0.920833
0.923059
-1.198817
-0.707542
1.387252
0.160395
-1.455700
0.164913
1.381600
-0.744210
-1.155812
1.003889
0.787710
-1.409078
-0.308619
1.389991
-0.227722
-1.433924
0.748870
1.013161
-1.172287
-0.674500
1.418619
-0.039904
-1.428174
0.515172
1.177686
-1.158500
-0.693260
1.338451
0.054866
-1.492778
0.611519
1.072454
-1.155812
-0.641075
1.437778
-0.204314
-1.366515
0.770121
0.934927
-1.387025
-0.236751
1.382119
-0.544373
-1.213863
1.177686
0.425913
-1.453374
0.272569
1.257614
-1.133986
-0.628071
1.375824
-0.236751
-1.361027
1.029336
0.593809
-1.439181
0.183000
1.280021
-1.133976
-0.586511
1.386011
-0.370870
-1.267713
1.177686
0.338914
-1.452225
0.531942
1.035783
-1.386997
-0.100531
1.327008
-0.899418
-0.804051
1.437778
-0.384788
-1.198817
1.150424
0.281750
-1.492731
0.810644
0.736124
-1.431602
0.254785
1.177686
-1.319140
-0.173370
1.327027
-0.955792
-0.674433
1.455672
-0.661944
-0.955792
1.333551
-0.227722
-1.267677
1.257614
0.051513
-1.356816
1.003977
0.414903
-1.499389
0.863022
0.593865
-1.455700
0.597943
0.848223
-1.505819
0.484486
0.923168
-1.407664
0.272643
1.085867
-1.435369
0.227722
1.083873
-1.339582
0.092518
1.183039
-1.386931
0.127885
1.127351
-1.321025
0.074330
1.177686
-1.401818
0.191518
1.072569
-1.366515
0.219065
1.067400
-1.468426
0.414903
0.896035
-1.437778
0.515309
0.810644
-1.520396
0.772265
0.544535
-1.439181
0.913108
0.353152
-1.433764
1.177686
-0.021456
-1.224163
1.279124
-0.308619
-1.053017
1.443047
-0.744025
-0.652712
1.372542
-1.029336
-0.290334
1.292861
-1.371118
0.263781
0.923270
-1.448351
0.693795
0.527364
-1.462110
1.177686
-0.112854
-1.115784
1.360152
-0.652712
-0.674275
1.412214
-1.227553
0.054866
1.025604
-1.437778
0.678166
0.484486
-1.427339
1.271208
-0.348792
-0.899418
1.389399
-1.003143
-0.199501
1.177686
-1.485916
0.709290
0.408921
-1.339582
1.257224
-0.441129
-0.787977
1.418619
-1.270009
0.227722
0.825666
-1.448351
1.040711
-0.082274
-1.052847
1.455241
-1.108491
0.009146
0.963020
-1.455700
0.966264
-0.009146
-1.079358
1.455241
-1.133619
0.082274
0.882485
-1.448351
1.086987
-0.227722
-0.880963
1.418619
-1.327951
0.441129
0.544838
-1.339582
1.311883
-0.709290
-0.379897
1.177686
-1.514017
1.003143
-0.130838
-0.899418
1.363196
-1.271208
0.447896
0.484486
-1.316318
1.437778
-1.028870
0.054866
0.811393
-1.412214
1.257536
-0.652712
-0.361866
1.115784
-1.519318
1.177686
-0.472712
-0.527364
1.178014
-1.448351
1.004608
-0.263781
-0.706795
1.292861
-1.502433
1.029336
-0.294254
-0.652712
1.223318
-1.443047
1.004732
-0.308619
-0.623378
1.224163
-1.519217
1.177686
-0.559386
-0.353152
1.014116
-1.439181
1.257915
-0.772265
-0.089186
0.810644
-1.399065
1.437778
-1.157409
0.414903
0.322404
-1.067400
1.363849
-1.366515
0.844543
-0.191518
-0.639821
1.177686
-1.512768
1.321025
-0.898859
0.127885
0.545800
-1.183039
1.383570
-1.339582
0.830483
-0.227722
-0.554420
1.085867
-1.479419
1.407664
-1.132295
0.484486
0.144102
-0.848223
1.232801
-1.455700
1.234955
-0.863022
0.184987
0.414903
-1.051082
1.356816
-1.513892
1.257614
-0.882878
0.227722
0.341270
-0.955792
1.265117
-1.455672
1.259546
-0.955792
0.363532
0.173370
-0.801230
1.177686
-1.482192
1.431602
-1.277333
0.810644
-0.345743
-0.281750
0.739538
-1.198817
1.358733
-1.437778
1.192924
-0.899418
0.364828
0.100531
-0.670249
1.035783
-1.388245
1.452225
-1.458865
1.177686
-0.880180
0.370870
0.056711
-0.586511
0.928655
-1.280021
1.375269
-1.439181
1.239283
-1.029336
0.604502
-0.236751
-0.265368
0.628071
-1.045676
1.257614
-1.473070
1.453374
-1.426944
1.177686
-0.949970
0.544373
-0.212797
-0.236751
0.554797
-0.934927
1.138395
-1.366515
1.395942
-1.437778
1.284699
-1.155812
0.857184
-0.611519
0.233883
0.054866
-0.435237
0.693260
-1.008543
1.177686
-1.381186
1.428174
-1.499974
1.418619
-1.364664
1.172287
-1.018673
0.748870
-0.533658
0.227722
0.007557
-0.308619
0.526135
-0.787710
0.958266
-1.155812
1.261290
-1.381600
1.415196
-1.455700
1.420500
-1.387252
1.293822
-1.198817
1.062442
-0.920833
0.758881
-0.586511
0.416248
-0.227722
0.064737
0.127885
-0.270625
0.458526
-0.571057
0.748870
-0.824169
0.989808
-1.023419
1.177686
-1.167166
1.313237
-1.257528
1.400424
-1.299236
1.445340
-1.298580
1.455241
-1.262539
1.437778
-1.198102
1.400424
-1.111789
1.350082
-1.009345
1.292861
-0.895580
1.233965
-0.774329
1.177686
-0.648483
1.127444
-0.520088
1.085867
-0.390472
1.054878
-0.260393
1.035783
-0.130202
1.029336
0.000000
1.035783
0.130192
1.054878
0.260270
1.085867
0.389886
1.127444
0.518281
1.177686
0.644127
1.233965
0.765378
1.292861
0.879143
1.350082
0.981587
1.400424
1.067900
1.437778
1.132337
1.455241
1.168378
1.445340
1.169034
1.400424
1.127327
1.313237
1.036964
1.177686
0.893217
0.989808
0.693967
0.748870
0.440856
0.458526
0.140423
0.127885
-0.194938
-0.227722
-0.546450
-0.586511
-0.889082
-0.920833
-1.192644
-1.198817
-1.424024
-1.387252
-1.550702
-1.455700
-1.545398
-1.381600
-1.391492
-1.155812
-1.088467
-0.787710
-0.656336
-0.308619
-0.137759
0.227722
0.403456
0.748870
0.888472
1.172287
1.234463
1.418619
1.369773
1.428174
1.250984
1.177686
0.878341
0.693260
0.305035
0.054866
-0.364085
-0.611519
-0.987386
-1.155812
-1.414901
-1.437778
-1.526144
-1.366515
-1.268597
-0.934927
-0.684999
-0.236751
0.082595
0.544373
0.819769
1.177686
1.296742
1.453374
1.342869
1.257614
0.915474
0.628071
0.135166
-0.236751
-0.734704
-1.029336
-1.369485
-1.439181
-1.505471
-1.280021
-1.058857
-0.586511
-0.186913
0.370870
0.749978
1.177686
1.328664
1.452225
1.258043
1.035783
0.540047
0.100531
-0.495030
-0.899418
-1.323126
-1.437778
-1.488935
-1.198817
-0.869740
-0.281750
0.215541
0.810644
1.147131
1.431602
1.351991
1.177686
0.671028
0.173370
-0.493734
-0.955792
-1.389748
-1.455672
-1.395318
-0.955792
-0.471472
0.227722
0.752677
1.257614
1.383690
1.356816
0.920880
0.414903
-0.315188
-0.863022
-1.365157
-1.455700
-1.363003
-0.848223
-0.274304
0.484486
1.002093
1.407664
1.349217
1.085867
0.424218
-0.227722
-0.960685
-1.339582
-1.513772
-1.183039
-0.676002
0.127885
0.768657
1.321025
1.382566
1.177686
0.509619
-0.191518
-0.974745
-1.366515
-1.494051
-1.067400
-0.452605
0.414903
1.027207
1.437778
1.268863
0.810644
-0.041016
-0.772265
-1.388117
-1.439181
-1.144318
-0.353152
0.429184
1.177686
1.389015
1.224163
0.493176
-0.308619
-1.134934
-1.443047
-1.353520
-0.652712
0.164052
1.029336
1.372232
1.292861
0.576593
-0.263781
-1.134809
-1.448351
-1.308216
-0.527364
0.342510
1.177686
1.389116
1.115784
0.231664
-0.652712
-1.387738
-1.412214
-0.941595
0.054866
0.898668
1.437778
1.186116
0.484486
-0.578098
-1.271208
-1.493398
-0.899418
0.000636
1.003143
1.383815
1.177686
0.249695
-0.709290
-1.442085
-1.339582
-0.675040
0.441129
1.197749
1.418619
0.750761
-0.227722
-1.217188
-1.448351
-1.012687
0.082274
1.003417
1.455241
0.949156
-0.009146
-1.096466
-1.455700
-1.093222
0.009146
0.978289
1.455241
0.922645
-0.082274
-1.170913
-1.448351
-0.955868
0.227722
1.139807
1.418619
0.657775
-0.441129
-1.387425
-1.339582
-0.539122
0.709290
1.355714
1.177686
0.069299
-1.003143
-1.519600
-0.899418
0.218590
1.271208
1.297137
0.484486
-0.808368
-1.437778
-1.155806
0.054866
1.097351
1.412214
0.544073
-0.652712
-1.490353
-1.115784
-0.017348
1.177686
1.331908
0.527364
-0.823997
-1.448351
-1.053471
0.263781
1.240916
1.292861
0.160133
-1.029336
-1.502744
-0.652712
0.613824
1.443047
0.922815
-0.308619
-1.409326
-1.224163
-0.108745
1.177686
1.303562
0.353152
-1.043310
-1.439181
-0.674736
0.772265
1.390194
0.810644
-0.645511
-1.437778
-1.026236
0.414903
1.338224
1.067400
-0.349266
-1.366515
-1.202771
0.191518
1.271616
1.177686
-0.204532
-1.321025
-1.257553
0.127885
1.256729
1.183039
-0.222719
-1.339582
-1.214075
0.227722
1.305168
1.085867
-0.402845
-1.407664
-1.053370
0.484486
1.375617
0.848223
-0.728144
-1.455700
-0.724067
0.863022
1.369187
0.414903
-1.134179
-1.356816
-0.181715
1.257614
1.137475
-0.227722
-1.463753
-0.955792
0.531742
1.455672
0.544231
-0.955792
-1.457228
-0.173370
1.188938
1.177686
-0.384987
-1.431602
-0.866325
0.810644
1.362529
0.281750
-1.280626
-1.198817
0.254587
1.437778
0.673849
-0.899418
-1.457210
-0.100531
1.256795
1.035783
-0.662144
-1.452225
-0.469116
1.177686
1.137512
-0.370870
-1.516213
-0.586511
1.003774
1.280021
-0.313202
-1.439181
-0.724011
1.029336
1.230825
-0.236751
-1.506025
-0.628071
1.003784
1.257614
-0.402771
-1.453374
-0.556115
1.177686
1.083662
-0.544373
-1.512321
-0.236751
1.256823
0.934927
-0.900323
-1.366515
0.074112
1.437778
0.510873
-1.155812
-1.202656
0.611519
1.362577
0.054866
-1.468653
-0.693260
1.028298
1.177686
-0.645374
-1.428174
-0.090298
1.418619
0.544298
-1.172287
-1.143362
0.748870
1.303722
-0.227722
-1.520193
-0.308619
1.278876
0.787710
-1.134091
-1.155812
0.614008
1.381600
-0.295115
-1.455700
-0.290596
1.387252
0.577340
-1.198817
-1.053261
0.920833
1.177253
-0.586511
-1.462388
0.227722
1.389782
0.127885
-1.490115
-0.458526
1.256861
0.748870
-1.227849
-0.989808
0.899265
1.177686
-0.808099
-1.313237
0.447295
1.400424
-0.349110
-1.445340
0.001173
1.455241
0.069602
-1.437778
-0.380432
1.400424
0.408578
-1.350082
-0.674554
1.292861
0.658115
-1.233965
-0.881441
1.177686
0.825294
-1.127444
-1.012245
1.085867
0.923026
-1.054878
-1.079784
1.035783
0.962616
-1.029336
-1.092818
1.035783
0.949582
-1.054878
-1.053228
1.085867
0.882043
-1.127444
-0.955496
1.177686
0.751239
-1.233965
-0.788317
1.292861
0.544352
-1.350082
-0.538779
1.400424
0.250231
-1.437778
-0.199804
1.455241
-0.131375
-1.445340
0.218908
1.400424
-0.577497
-1.313237
0.677897
1.177686
-1.029467
-0.989808
1.097648
0.748870
-1.387062
-0.458526
1.359913
0.127885
-1.519984
0.227722
1.332186
-0.586511
-1.307454
0.920833
0.923059
-1.198817
-0.707542
1.387252
0.160395
-1.455700
0.164913
1.381600
-0.744210
-1.155812
1.003889
0.787710
-1.409078
-0.308619
1.389991
-0.227722
-1.433924
0.748870
1.013161
-1.172287
-0.674500
1.418619
-0.039904
-1.428174
0.515172
1.177686
-1.158500
-0.693260
1.338451
0.054866
-1.492778
0.611519
1.072454
-1.155812
-0.641075
1.437778
-0.204314
-1.366515
0.770121
0.934927
-1.387025
-0.236751
1.382119
-0.544373
-1.213863
1.177686
0.425913
-1.453374
0.272569
1.257614
-1.133986
-0.628071
1.375824
-0.236751
-1.361027
1.029336
0.593809
-1.439181
0.183000
1.280021
-1.133976
-0.586511
1.386011
-0.370870
-1.267713
1.177686
0.338914
-1.452225
0.531942
1.035783
-1.386997
-0.100531
1.327008
-0.899418
-0.804051
1.437778
-0.384788
-1.198817
1.150424
0.281750
-1.492731
0.810644
0.736124
-1.431602
0.254785
1.177686
-1.319140
-0.173370
1.327027
-0.955792
-0.674433
1.455672
-0.661944
-0.955792
1.333551
-0.227722
-1.267677
1.257614
0.051513
-1.356816
1.003977
0.414903
-1.499389
0.863022
0.593865
-1.455700
0.597943
0.848223
-1.505819
0.484486
0.923168
-1.407664
0.272643
1.085867
-1.435369
0.227722
1.083873
-1.339582
0.092518
1.183039
-1.386931
0.127885
1.127351
-1.321025
0.074330
1.177686
-1.401818
0.191518
1.072569
-1.366515
0.219065
1.067400
-1.468426
0.414903
0.896035
-1.437778
0.515309
0.810644
-1.520396
0.772265
0.544535
-1.439181
0.913108
0.353152
-1.433764
1.177686
-0.021456
-1.224163
1.279124
-0.308619
-1.053017
1.443047
-0.744025
-0.652712
1.372542
-1.029336
-0.290334
1.292861
-1.371118
0.263781
0.923270
-1.448351
0.693795
0.527364
-1.462110
1.177686
-0.112854
-1.115784
1.360152
-0.652712
-0.674275
1.412214
-1.227553
0.054866
1.025604
-1.437778
0.678166
0.484486
-1.427339
1.271208
-0.348792
-0.899418
1.389399
-1.003143
-0.199501
1.177686
-1.485916
0.709290
0.408921
-1.339582
1.257224
-0.441129
-0.787977
1.418619
-1.270009
0.227722
0.825666
-1.448351
1.040711
-0.082274
-1.052847
1.455241
-1.108491
0.009146
0.963020
-1.455700
0.966264
-0.009146
-1.079358
1.455241
-1.133619
0.082274
0.882485
-1.448351
1.086987
-0.227722
-0.880963
1.418619
-1.327951
0.441129
0.544838
-1.339582
1.311883
-0.709290
-0.379897
1.177686
-1.514017
1.003143
-0.130838
-0.899418
1.363196
-1.271208
0.447896
0.484486
-1.316318
1.437778
-1.028870
0.054866
0.811393
-1.412214
1.257536
-0.652712
-0.361866
1.115784
-1.519318
1.177686
-0.472712
-0.527364
1.178014
-1.448351
1.004608
-0.263781
-0.706795
1.292861
-1.502433
1.029336
-0.294254
-0.652712
1.223318
-1.443047
1.004732
-0.308619
-0.623378
1.224163
-1.519217
1.177686
-0.559386
-0.353152
1.014116
-1.439181
1.257915
-0.772265
-0.089186
0.810644
-1.399065
1.437778
-1.157409
0.414903
0.322404
-1.067400
1.363849
-1.366515
0.844543
-0.191518
-0.639821
1.177686
-1.512768
1.321025
-0.898859
0.127885
0.545800
-1.183039
1.383570
-1.339582
0.830483
-0.227722
-0.554420
1.085867
-1.479419
1.407664
-1.132295
0.484486
0.144102
-0.848223
1.232801
-1.455700
1.234955
-0.863022
0.184987
0.414903
-1.051082
1.356816
-1.513892
1.257614
-0.882878
0.227722
0.341270
-0.955792
1.265117
-1.455672
1.259546
-0.955792
0.363532
0.173370
-0.801230
1.177686
-1.482192
1.431602
-1.277333
0.810644
-0.345743
-0.281750
0.739538
-1.198817
1.358733
-1.437778
1.192924
-0.899418
0.364828
0.100531
-0.670249
1.035783
-1.388245
1.452225
-1.458865
1.177686
-0.880180
0.370870
0.056711
-0.586511
0.928655
-1.280021
1.375269
-1.439181
1.239283
-1.029336
0.604502
-0.236751
-0.265368
0.628071
-1.045676
1.257614
-1.473070
1.453374
-1.426944
1.177686
-0.949970
0.544373
-0.212797
-0.236751
0.554797
-0.934927
1.138395
-1.366515
1.395942
-1.437778
1.284699
-1.155812
0.857184
-0.611519
0.233883
0.054866
-0.435237
0.693260
-1.008543
1.177686
-1.381186
1.428174
-1.499974
1.418619
-1.364664
1.172287
-1.018673
0.748870
-0.533658
0.227722
0.007557
-0.308619
0.526135
-0.787710
0.958266
-1.155812
1.261290
-1.381600
1.415196
-1.455700
1.420500
-1.387252
1.293822
-1.198817
1.062442
-0.920833
0.758881
-0.586511
0.416248
-0.227722
0.064737
0.127885
-0.270625
0.458526
-0.571057
0.748870
-0.824169
0.989808
-1.023419
1.177686
-1.167166
1.313237
-1.257528
1.400424
-1.299236
1.445340
-1.298580
1.455241
-1.262539
1.437778
-1.198102
1.400424
-1.111789
1.350082
-1.009345
1.292861
-0.895580
1.233965
-0.774329
1.177686
-0.648483
1.127444
-0.520088
1.085867
-0.390472
1.054878
-0.260393
1.035783
-0.130202
1.029336
0.000000
1.035783
0.130192
1.054878
0.260270
1.085867
0.389886
1.127444
0.518281
1.177686
0.644127
1.233965
0.765378
1.292861
0.879143
1.350082
0.981587
1.400424
1.067900
1.437778
1.132337
1.455241
1.168378
1.445340
1.169034
1.400424
1.127327
1.313237
1.036964
1.177686
0.893217
0.989808
0.693967
0.748870
0.440856
0.458526
0.140423
0.127885
-0.194938
-0.227722
-0.546450
-0.586511
-0.889082
-0.920833
-1.192644
-1.198817
-1.424024
-1.387252
-1.550702
-1.455700
-1.545398
-1.381600
-1.391492
-1.155812
-1.088467
-0.787710
-0.656336
-0.308619
-0.137759
0.227722
0.403456
0.748870
0.888472
1.172287
1.234463
1.418619
1.369773
1.428174
1.250984
1.177686
0.878341
0.693260
0.305035
0.054866
-0.364085
-0.611519
-0.987386
-1.155812
-1.414901
-1.437778
-1.526144
-1.366515
-1.268597
-0.934927
-0.684999
-0.236751
0.082595
0.544373
0.819769
1.177686
1.296742
1.453374
1.342869
1.257614
0.915474
0.628071
0.135166
-0.236751
-0.734704
-1.029336
-1.369485
-1.439181
-1.505471
-1.280021
-1.058857
-0.586511
-0.186913
0.370870
0.749978
1.177686
1.328664
1.452225
1.258043
1.035783
0.540047
0.100531
-0.495030
-0.899418
-1.323126
-1.437778
-1.488935
-1.198817
-0.869740
-0.281750
0.215541
0.810644
1.147131
1.431602
1.351991
1.177686
0.671028
0.173370
-0.493734
-0.955792
-1.389748
-1.455672
-1.395318
-0.955792
-0.471472
0.227722
0.752677
1.257614
1.383690
1.356816
0.920880
0.414903
-0.315188
-0.863022
-1.365157
-1.455700
-1.363003
-0.848223
-0.274304
0.484486
1.002093
1.407664
1.349217
1.085867
0.424218
-0.227722
-0.960685
-1.339582
-1.513772
-1.183039
-0.676002
0.127885
0.768657
1.321025
1.382566
1.177686
0.509619
-0.191518
-0.974745
-1.366515
-1.494051
-1.067400
-0.452605
0.414903
1.027207
1.437778
1.268863
0.810644
-0.041016
-0.772265
-1.388117
-1.439181
-1.144318
-0.353152
0.429184
1.177686
1.389015
1.224163
0.493176
-0.308619
-1.134934
-1.443047
-1.353520
-0.652712
0.164052
1.029336
1.372232
1.292861
0.576593
-0.263781
-1.134809
-1.448351
-1.308216
-0.527364
0.342510
1.177686
1.389116
1.115784
0.231664
-0.652712
-1.387738
-1.412214
-0.941595
0.054866
0.898668
1.437778
1.186116
0.484486
-0.578098
-1.271208
-1.493398
-0.899418
0.000636
1.003143
1.383815
1.177686
0.249695
-0.709290
-1.442085
-1.339582
-0.675040
0.441129
1.197749
1.418619
0.750761
-0.227722
-1.217188
-1.448351
-1.012687
0.082274
1.003417
1.455241
0.949156
-0.009146
-1.096466
-1.455700
-1.093222
0.009146
0.978289
1.455241
0.922645
-0.082274
-1.170913
-1.448351
-0.955868
0.227722
1.139807
1.418619
0.657775
-0.441129
-1.387425
-1.339582
-0.539122
0.709290
1.355714
1.177686
0.069299
-1.003143
-1.519600
-0.899418
0.218590
1.271208
1.297137
0.484486
-0.808368
-1.437778
-1.155806
0.054866
1.097351
1.412214
0.544073
-0.652712
-1.490353
-1.115784
-0.017348
1.177686
1.331908
0.527364
-0.823997
-1.448351
-1.053471
0.263781
1.240916
1.292861
0.160133
-1.029336
-1.502744
-0.652712
0.613824
1.443047
0.922815
-0.308619
-1.409326
-1.224163
-0.108745
1.177686
1.303562
0.353152
-1.043310
-1.439181
-0.674736
0.772265
1.390194
0.810644
-0.645511
-1.437778
-1.026236
0.414903
1.338224
1.067400
-0.349266
-1.366515
-1.202771
0.191518
1.271616
1.177686
-0.204532
-1.321025
-1.257553
0.127885
1.256729
1.183039
-0.222719
-1.339582
-1.214075
0.227722
1.305168
1.085867
-0.402845
-1.407664
-1.053370
0.484486
1.375617
0.848223
-0.728144
-1.455700
-0.724067
0.863022
1.369187
0.414903
-1.134179
-1.356816
-0.181715
1.257614
1.137475
-0.227722
-1.463753
-0.955792
0.531742
1.455672
0.544231
-0.955792
-1.457228
-0.173370
1.188938
1.177686
-0.384987
-1.431602
-0.866325
0.810644
1.362529
0.281750
-1.280626
-1.198817
0.254587
1.437778
0.673849
-0.899418
-1.457210
-0.100531
1.256795
1.035783
-0.662144
-1.452225
-0.469116
1.177686
1.137512
-0.370870
-1.516213
-0.586511
1.003774
1.280021
-0.313202
-1.439181
-0.724011
1.029336
1.230825
-0.236751
-1.506025
-0.628071
1.003784
1.257614
-0.402771
-1.453374
-0.556115
1.177686
1.083662
-0.544373
-1.512321
-0.236751
1.256823
0.934927
-0.900323
-1.366515
0.074112
1.437778
0.510873
-1.155812
-1.202656
0.611519
1.362577
0.054866
-1.468653
-0.693260
1.028298
1.177686
-0.645374
-1.428174
-0.090298
1.418619
0.544298
-1.172287
-1.143362
0.748870
1.303722
-0.227722
-1.520193
-0.308619
1.278876
0.787710
-1.134091
-1.155812
0.614008
1.381600
-0.295115
-1.455700
-0.290596
1.387252
0.577340
-1.198817
-1.053261
0.920833
1.177253
-0.586511
-1.462388
0.227722
1.389782
0.127885
-1.490115
-0.458526
1.256861
0.748870
-1.227849
-0.989808
0.899265
1.177686
-0.808099
-1.313237
0.447295
1.400424
-0.349110
-1.445340
0.001173
1.455241
0.069602
-1.437778
-0.380432
1.400424
0.408578
-1.350082
-0.674554
1.292861
0.658115
-1.233965
-0.881441
1.177686
0.825294
-1.127444
-1.012245
1.085867
0.923026
-1.054878
-1.079784
1.035783
0.962616
-1.029336
-1.092818
1.035783
0.949582
-1.054878
-1.053228
1.085867
0.882043
-1.127444
-0.955496
1.177686
0.751239
-1.233965
-0.788317
1.292861
0.544352
-1.350082
-0.538779
1.400424
0.250231
-1.437778
-0.199804
1.455241
-0.131375
-1.445340
0.218908
1.400424
-0.577497
-1.313237
0.677897
1.177686
-1.029467
-0.989808
1.097648
0.748870
-1.387062
-0.458526
1.359913
0.127885
-1.519984
0.227722
1.332186
-0.586511
-1.307454
0.920833
0.923059
-1.198817
-0.707542
1.387252
0.160395
-1.455700
0.164913
1.381600
-0.744210
-1.155812
1.003889
0.787710
-1.409078
-0.308619
1.389991
-0.227722
-1.433924
0.748870
1.013161
-1.172287
-0.674500
1.418619
-0.039904
-1.428174
0.515172
1.177686
-1.158500
-0.693260
1.338451
0.054866
-1.492778
0.611519
1.072454
-1.155812
-0.641075
1.437778
-0.204314
-1.366515
0.770121
0.934927
-1.387025
-0.236751
1.382119
-0.544373
-1.213863
1.177686
0.425913
-1.453374
0.272569
1.257614
-1.133986
-0.628071
1.375824
-0.236751
-1.361027
1.029336
0.593809
-1.439181
0.183000
1.280021
-1.133976
-0.586511
1.386011
-0.370870
-1.267713
1.177686
0.338914
-1.452225
0.531942
1.035783
-1.386997
-0.100531
1.327008
-0.899418
-0.804051
1.437778
-0.384788
-1.198817
1.150424
0.281750
-1.492731
0.810644
0.736124
-1.431602
0.254785
1.177686
-1.319140
-0.173370
1.327027
-0.955792
-0.674433
1.455672
-0.661944
-0.955792
1.333551
-0.227722
-1.267677
1.257614
0.051513
-1.356816
1.003977
0.414903
-1.499389
0.863022
0.593865
-1.455700
0.597943
0.848223
-1.505819
0.484486
0.923168
-1.407664
0.272643
1.085867
-1.435369
0.227722
1.083873
-1.339582
0.092518
1.183039
-1.386931
0.127885
1.127351
-1.321025
0.074330
1.177686
-1.401818
0.191518
1.072569
-1.366515
0.219065
1.067400
-1.468426
0.414903
0.896035
-1.437778
0.515309
0.810644
-1.520396
0.772265
0.544535
-1.439181
0.913108
0.353152
-1.433764
1.177686
-0.021456
-1.224163
1.279124
-0.308619
-1.053017
1.443047
-0.744025
-0.652712
1.372542
-1.029336
-0.290334
1.292861
-1.371118
0.263781
0.923270
-1.448351
0.693795
0.527364
-1.462110
1.177686
-0.112854
-1.115784
1.360152
-0.652712
-0.674275
1.412214
-1.227553
0.054866
1.025604
-1.437778
0.678166
0.484486
-1.427339
1.271208
-0.348792
-0.899418
1.389399
-1.003143
-0.199501
1.177686
-1.485916
0.709290
0.408921
-1.339582
1.257224
-0.441129
-0.787977
1.418619
-1.270009
0.227722
0.825666
-1.448351
1.040711
-0.082274
-1.052847
1.455241
-1.108491
0.009146
0.963020
-1.455700
0.966264
-0.009146
-1.079358
1.455241
-1.133619
0.082274
0.882485
-1.448351
1.086987
-0.227722
-0.880963
1.418619
-1.327951
0.441129
0.544838
-1.339582
1.311883
-0.709290
-0.379897
1.177686
-1.514017
1.003143
-0.130838
-0.899418
1.363196
-1.271208
0.447896
0.484486
-1.316318
1.437778
-1.028870
0.054866
0.811393
-1.412214
1.257536
-0.652712
-0.361866
1.115784
-1.519318
1.177686
-0.472712
-0.527364
1.178014
-1.448351
1.004608
-0.263781
-0.706795
1.292861
-1.502433
1.029336
-0.294254
-0.652712
1.223318
-1.443047
1.004732
-0.308619
-0.623378
1.224163
-1.519217
1.177686
-0.559386
-0.353152
1.014116
-1.439181
1.257915
-0.772265
-0.089186
0.810644
-1.399065
1.437778
-1.157409
0.414903
0.322404
-1.067400
1.363849
-1.366515
0.844543
-0.191518
-0.639821
1.177686
-1.512768
1.321025
-0.898859
0.127885
0.545800
-1.183039
1.383570
-1.339582
0.830483
-0.227722
-0.554420
1.085867
-1.479419
1.407664
-1.132295
0.484486
0.144102
-0.848223
1.232801
-1.455700
1.234955
-0.863022
0.184987
0.414903
-1.051082
1.356816
-1.513892
1.257614
-0.882878
0.227722
0.341270
-0.955792
1.265117
-1.455672
1.259546
-0.955792
0.363532
0.173370
-0.801230
1.177686
-1.482192
1.431602
-1.277333
0.810644
-0.345743
-0.281750
0.739538
-1.198817
1.358733
-1.437778
1.192924
-0.899418
0.364828
0.100531
-0.670249
1.035783
-1.388245
1.452225
-1.458865
1.177686
-0.880180
0.370870
0.056711
-0.586511
0.928655
-1.280021
1.375269
-1.439181
1.239283
-1.029336
0.604502
-0.236751
-0.265368
0.628071
-1.045676
1.257614
-1.473070
1.453374
-1.426944
1.177686
-0.949970
0.544373
-0.212797
-0.236751
0.554797
-0.934927
1.138395
-1.366515
1.395942
-1.437778
1.284699
-1.155812
0.857184
-0.611519
0.233883
0.054866
-0.435237
0.693260
-1.008543
1.177686
-1.381186
1.428174
-1.499974
1.418619
-1.364664
1.172287
-1.018673
0.748870
-0.533658
0.227722
0.007557
-0.308619
0.526135
-0.787710
0.958266
-1.155812
1.261290
-1.381600
1.415196
-1.455700
1.420500
-1.387252
1.293822
-1.198817
1.062442
-0.920833
0.758881
-0.586511
0.416248
-0.227722
0.064737
0.127885
-0.270625
0.458526
-0.571057
0.748870
-0.824169
0.989808
-1.023419
1.177686
-1.167166
1.313237
-1.257528
1.400424
-1.299236
1.445340
-1.298580
1.455241
-1.262539
1.437778
-1.198102
1.400424
-1.111789
1.350082
-1.009345
1.292861
-0.895580
1.233965
-0.774329
1.177686
-0.648483
1.127444
-0.520088
1.085867
-0.390472
1.054878
-0.260393
1.035783
-0.130202
1.029336
0.000000
1.035783
0.130192
1.054878
0.260270
1.085867
0.389886
1.127444
0.518281
1.177686
0.644127
1.233965
0.765378
1.292861
0.879143
1.350082
0.981587
1.400424
1.067900
1.437778
1.132337
1.455241
1.168378
1.445340
1.169034
1.400424
1.127327
1.313237
1.036964
1.177686
0.893217
0.989808
0.693967
0.748870
0.440856
0.458526
0.140423
0.127885
-0.194938
-0.227722
-0.546450
-0.586511
-0.889082
-0.920833
-1.192644
-1.198817
-1.424024
-1.387252
-1.550702
-1.455700
-1.545398
-1.381600
-1.391492
-1.155812
-1.088467
-0.787710
-0.656336
-0.308619
-0.137759
0.227722
0.403456
0.748870
0.888472
1.172287
1.234463
1.418619
1.369773
1.428174
1.250984
1.177686
0.878341
0.693260
0.305035
0.054866
-0.364085
-0.611519
-0.987386
-1.155812
-1.414901
-1.437778
-1.526144
-1.366515
-1.268597
-0.934927
-0.684999
-0.236751
0.082595
0.544373
0.819769
1.177686
1.296742
1.453374
1.342869
1.257614
0.915474
0.628071
0.135166
-0.236751
-0.734704
-1.029336
-1.369485
-1.439181
-1.505471
-1.280021
-1.058857
-0.586511
-0.186913
0.370870
0.749978
1.177686
1.328664
1.452225
1.258043
1.035783
0.540047
0.100531
-0.495030
-0.899418
-1.323126
-1.437778
-1.488935
-1.198817
-0.869740
-0.281750
0.215541
0.810644
1.147131
1.431602
1.351991
1.177686
0.671028
0.173370
-0.493734
-0.955792
-1.389748
-1.455672
-1.395318
-0.955792
-0.471472
0.227722
0.752677
1.257614
1.383690
1.356816
0.920880
0.414903
-0.315188
-0.863022
-1.365157
-1.455700
-1.363003
-0.848223
-0.274304
0.484486
1.002093
1.407664
1.349217
1.085867
0.424218
-0.227722
-0.960685
-1.339582
-1.513772
-1.183039
-0.676002
0.127885
0.768657
1.321025
1.382566
1.177686
0.509619
-0.191518
-0.974745
-1.366515
-1.494051
-1.067400
-0.452605
0.414903
1.027207
1.437778
1.268863
0.810644
-0.041016
-0.772265
-1.388117
-1.439181
-1.144318
-0.353152
0.429184
1.177686
1.389015
1.224163
0.493176
-0.308619
-1.134934
-1.443047
-1.353520
-0.652712
0.164052
1.029336
1.372232
1.292861
0.576593
-0.263781
-1.134809
-1.448351
-1.308216
-0.527364
0.342510
1.177686
1.389116
1.115784
0.231664
-0.652712
-1.387738
-1.412214
-0.941595
0.054866
0.898668
1.437778
1.186116
0.484486
-0.578098
-1.271208
-1.493398
-0.899418
0.000636
1.003143
1.383815
1.177686
0.249695
-0.709290
-1.442085
-1.339582
-0.675040
0.441129
1.197749
1.418619
0.750761
-0.227722
-1.217188
-1.448351
-1.012687
0.082274
1.003417
1.455241
0.949156
-0.009146
-1.096466
-1.455700
-1.093222
0.009146
0.978289
1.455241
0.922645
-0.082274
-1.170913
-1.448351
-0.955868
0.227722
1.139807
1.418619
0.657775
-0.441129
-1.387425
-1.339582
-0.539122
0.709290
1.355714
1.177686
0.069299
-1.003143
-1.519600
-0.899418
0.218590
1.271208
1.297137
0.484486
-0.808368
-1.437778
-1.155806
0.054866
1.097351
1.412214
0.544073
-0.652712
-1.490353
-1.115784
-0.017348
1.177686
1.331908
0.527364
-0.823997
-1.448351
-1.053471
0.263781
1.240916
1.292861
0.160133
-1.029336
-1.502744
-0.652712
0.613824
1.443047
0.922815
-0.308619
-1.409326
-1.224163
-0.108745
1.177686
1.303562
0.353152
-1.043310
-1.439181
-0.674736
0.772265
1.390194
0.810644
-0.645511
-1.437778
-1.026236
0.414903
1.338224
1.067400
-0.349266
-1.366515
-1.202771
0.191518
1.271616
1.177686
-0.204532
-1.321025
-1.257553
0.127885
1.256729
1.183039
-0.222719
-1.339582
-1.214075
0.227722
1.305168
1.085867
-0.402845
-1.407664
-1.053370
0.484486
1.375617
0.848223
-0.728144
-1.455700
-0.724067
0.863022
1.369187
0.414903
-1.134179
-1.356816
-0.181715
1.257614
1.137475
-0.227722
-1.463753
-0.955792
0.531742
1.455672
0.544231
-0.955792
-1.457228
-0.173370
1.188938
1.177686
-0.384987
-1.431602
-0.866325
0.810644
1.362529
0.281750
-1.280626
-1.198817
0.254587
1.437778
0.673849
-0.899418
-1.457210
-0.100531
1.256795
1.035783
-0.662144
-1.452225
-0.469116
1.177686
1.137512
-0.370870
-1.516213
-0.586511
1.003774
1.280021
-0.313202
-1.439181
-0.724011
1.029336
1.230825
-0.236751
-1.506025
-0.628071
1.003784
1.257614
-0.402771
-1.453374
-0.556115
1.177686
1.083662
-0.544373
-1.512321
-0.236751
1.256823
0.934927
-0.900323
-1.366515
0.074112
1.437778
0.510873
-1.155812
-1.202656
0.611519
1.362577
0.054866
-1.468653
-0.693260
1.028298
1.177686
-0.645374
-1.428174
-0.090298
1.418619
0.544298
-1.172287
-1.143362
0.748870
1.303722
-0.227722
-1.520193
-0.308619
1.278876
0.787710
-1.134091
-1.155812
0.614008
1.381600
-0.295115
-1.455700
-0.290596
1.387252
0.577340
-1.198817
-1.053261
0.920833
1.177253
-0.586511
-1.462388
0.227722
1.389782
0.127885
-1.490115
-0.458526
1.256861
0.748870
-1.227849
-0.989808
0.899265
1.177686
-0.808099
-1.313237
0.447295
1.400424
-0.349110
-1.445340
0.001173
1.455241
0.069602
-1.437778
-0.380432
1.400424
0.408578
-1.350082
-0.674554
1.292861
0.658115
-1.233965
-0.881441
1.177686
0.825294
-1.127444
-1.012245
1.085867
0.923026
-1.054878
-1.079784
1.035783
0.962616
-1.029336
-1.092818
1.035783
0.949582
-1.054878
-1.053228
1.085867
0.882043
-1.127444
-0.955496
1.177686
0.751239
-1.233965
-0.788317
1.292861
0.544352
-1.350082
-0.538779
1.400424
0.250231
-1.437778
-0.199804
1.455241
-0.131375
-1.445340
0.218908
1.400424
-0.577497
-1.313237
0.677897
1.177686
-1.029467
-0.989808
1.097648
0.748870
-1.387062
-0.458526
1.359913
0.127885
-1.519984
0.227722
1.332186
-0.586511
-1.307454
0.920833
0.923059
-1.198817
-0.707542
1.387252
0.160395
-1.455700
0.164913
1.381600
-0.744210
-1.155812
1.003889
0.787710
-1.409078
-0.308619
1.389991
-0.227722
-1.433924
0.748870
1.013161
-1.172287
-0.674500
1.418619
-0.039904
-1.428174
0.515172
1.177686
-1.158500
-0.693260
1.338451
0.054866
-1.492778
0.611519
1.072454
-1.155812
-0.641075
1.437778
-0.204314
-1.366515
0.770121
0.934927
-1.387025
-0.236751
1.382119
-0.544373
-1.213863
1.177686
0.425913
-1.453374
0.272569
1.257614
-1.133986
-0.628071
1.375824
-0.236751
-1.361027
1.029336
0.593809
-1.439181
0.183000
1.280021
-1.133976
-0.586511
1.386011
-0.370870
-1.267713
1.177686
0.338914
-1.452225
0.531942
1.035783
-1.386997
-0.100531
1.327008
-0.899418
-0.804051
1.437778
-0.384788
-1.198817
1.150424
0.281750
-1.492731
0.810644
0.736124
-1.431602
0.254785
1.177686
-1.319140
-0.173370
1.327027
-0.955792
-0.674433
1.455672
-0.661944
-0.955792
1.333551
-0.227722
-1.267677
1.257614
0.051513
-1.356816
1.003977
0.414903
-1.499389
0.863022
0.593865
-1.455700
0.597943
0.848223
-1.505819
0.484486
0.923168
-1.407664
0.272643
1.085867
-1.435369
0.227722
1.083873
-1.339582
0.092518
1.183039
-1.386931
0.127885
1.127351
-1.321025
0.074330
1.177686
-1.401818
0.191518
1.072569
-1.366515
0.219065
1.067400
-1.468426
0.414903
0.896035
-1.437778
0.515309
0.810644
-1.520396
0.772265
0.544535
-1.439181
0.913108
0.353152
-1.433764
1.177686
-0.021456
-1.224163
1.279124
-0.308619
-1.053017
1.443047
-0.744025
-0.652712
1.372542
-1.029336
-0.290334
1.292861
-1.371118
0.263781
0.923270
-1.448351
0.693795
0.527364
-1.462110
1.177686
-0.112854
-1.115784
1.360152
-0.652712
-0.674275
1.412214
-1.227553
0.054866
1.025604
-1.437778
0.678166
0.484486
-1.427339
1.271208
-0.348792
-0.899418
1.389399
-1.003143
-0.199501
1.177686
-1.485916
0.709290
0.408921
-1.339582
1.257224
-0.441129
-0.787977
1.418619
-1.270009
0.227722
0.825666
-1.448351
1.040711
-0.082274
-1.052847
1.455241
-1.108491
0.009146
0.963020
-1.455700
0.966264
-0.009146
-1.079358
1.455241
-1.133619
0.082274
0.882485
-1.448351
1.086987
-0.227722
-0.880963
1.418619
-1.327951
0.441129
0.544838
-1.339582
1.311883
-0.709290
-0.379897
1.177686
-1.514017
1.003143
-0.130838
-0.899418
1.363196
-1.271208
0.447896
0.484486
-1.316318
1.437778
-1.028870
0.054866
0.811393
-1.412214
1.257536
-0.652712
-0.361866
1.115784
-1.519318
1.177686
-0.472712
-0.527364
1.178014
-1.448351
1.004608
-0.263781
-0.706795
1.292861
-1.502433
1.029336
-0.294254
-0.652712
1.223318
-1.443047
1.004732
-0.308619
-0.623378
1.224163
-1.519217
1.177686
-0.559386
-0.353152
1.014116
-1.439181
1.257915
-0.772265
-0.089186
0.810644
-1.399065
1.437778
-1.157409
0.414903
0.322404
-1.067400
1.363849
-1.366515
0.844543
-0.191518
-0.639821
1.177686
-1.512768
1.321025
-0.898859
0.127885
0.545800
-1.183039
1.383570
-1.339582
0.830483
-0.227722
-0.554420
1.085867
-1.479419
1.407664
-1.132295
0.484486
0.144102
-0.848223
1.232801
-1.455700
1.234955
-0.863022
0.184987
0.414903
-1.051082
1.356816
-1.513892
1.257614
-0.882878
0.227722
0.341270
-0.955792
1.265117
-1.455672
1.259546
-0.955792
0.363532
0.173370
-0.801230
1.177686
-1.482192
1.431602
-1.277333
0.810644
-0.345743
-0.281750
0.739538
-1.198817
1.358733
-1.437778
1.192924
-0.899418
0.364828
0.100531
-0.670249
1.035783
-1.388245
1.452225
-1.458865
1.177686
-0.880180
0.370870
0.056711
-0.586511
0.928655
-1.280021
1.375269
-1.439181
1.239283
-1.029336
0.604502
-0.236751
-0.265368
0.628071
-1.045676
1.257614
-1.473070
1.453374
-1.426944
1.177686
-0.949970
0.544373
-0.212797
-0.236751
0.554797
-0.934927
1.138395
-1.366515
1.395942
-1.437778
1.284699
-1.155812
0.857184
-0.611519
0.233883
0.054866
-0.435237
0.693260
-1.008543
1.177686
-1.381186
1.428174
-1.499974
1.418619
-1.364664
1.172287
-1.018673
0.748870
-0.533658
0.227722
0.007557
-0.308619
0.526135
-0.787710
0.958266
-1.155812
1.261290
-1.381600
1.415196
-1.455700
1.420500
-1.387252
1.293822
-1.198817
1.062442
-0.920833
0.758881
-0.586511
0.416248
-0.227722
0.064737
0.127885
-0.270625
0.458526
-0.571057
0.748870
-0.824169
0.989808
-1.023419
1.177686
-1.167166
1.313237
-1.257528
1.400424
-1.299236
1.445340
-1.298580
1.455241
-1.262539
1.437778
-1.198102
1.400424
-1.111789
1.350082
-1.009345
1.292861
-0.895580
1.233965
-0.774329
1.177686
-0.648483
1.127444
-0.520088
1.085867
-0.390472
1.054878
-0.260393
1.035783
-0.130202
1.029336
0.000000
1.035783
0.130192
1.054878
0.260270
1.085867
0.389886
1.127444
0.518281
1.177686
0.644127
1.233965
0.765378
1.292861
0.879143
1.350082
0.981587
1.400424
1.067900
1.437778
1.132337
1.455241
1.168378
1.445340
1.169034
1.400424
1.127327
1.313237
1.036964
1.177686
0.893217
0.989808
0.693967
0.748870
0.440856
0.458526
0.140423
0.127885
-0.194938
-0.227722
-0.546450
-0.586511
-0.889082
-0.920833
-1.192644
-1.198817
-1.424024
-1.387252
-1.550702
-1.455700
-1.545398
-1.381600
-1.391492
-1.155812
-1.088467
-0.787710
-0.656336
-0.308619
-0.137759
0.227722
0.403456
0.748870
0.888472
1.172287
1.234463
1.418619
1.369773
1.428174
1.250984
1.177686
0.878341
0.693260
0.305035
0.054866
-0.364085
-0.611519
-0.987386
-1.155812
-1.414901
-1.437778
-1.526144
-1.366515
-1.268597
-0.934927
-0.684999
-0.236751
0.082595
0.544373
0.819769
1.177686
1.296742
1.453374
1.342869
1.257614
0.915474
0.628071
0.135166
-0.236751
-0.734704
-1.029336
-1.369485
-1.439181
-1.505471
-1.280021
-1.058857
-0.586511
-0.186913
0.370870
0.749978
1.177686
1.328664
1.452225
1.258043
1.035783
0.540047
0.100531
-0.495030
-0.899418
-1.323126
-1.437778
-1.488935
-1.198817
-0.869740
-0.281750
0.215541
0.810644
1.147131
1.431602
1.351991
1.177686
0.671028
0.173370
-0.493734
-0.955792
-1.389748
-1.455672
-1.395318
-0.955792
-0.471472
0.227722
0.752677
1.257614
1.383690
1.356816
0.920880
0.414903
-0.315188
-0.863022
-1.365157
-1.455700
-1.363003
-0.848223
-0.274304
0.484486
1.002093
1.407664
1.349217
1.085867
0.424218
-0.227722
-0.960685
-1.339582
-1.513772
-1.183039
-0.676002
0.127885
0.768657
1.321025
1.382566
1.177686
0.509619
-0.191518
-0.974745
-1.366515
-1.494051
-1.067400
-0.452605
0.414903
1.027207
1.437778
1.268863
0.810644
-0.041016
-0.772265
-1.388117
-1.439181
-1.144318
-0.353152
0.429184
1.177686
1.389015
1.224163
0.493176
-0.308619
-1.134934
-1.443047
-1.353520
-0.652712
0.164052
1.029336
1.372232
1.292861
0.576593
-0.263781
-1.134809
-1.448351
-1.308216
-0.527364
0.342510
1.177686
1.389116
1.115784
0.231664
-0.652712
-1.387738
-1.412214
-0.941595
0.054866
0.898668
1.437778
1.186116
0.484486
-0.578098
-1.271208
-1.493398
-0.899418
0.000636
1.003143
1.383815
1.177686
0.249695
-0.709290
-1.442085
-1.339582
-0.675040
0.441129
1.197749
1.418619
0.750761
-0.227722
-1.217188
-1.448351
-1.012687
0.082274
1.003417
1.455241
0.949156
-0.009146
-1.096466
-1.455700
-1.093222
0.009146
0.978289
1.455241
0.922645
-0.082274
-1.170913
-1.448351
-0.955868
0.227722
1.139807
1.418619
0.657775
-0.441129
-1.387425
-1.339582
-0.539122
0.709290
1.355714
1.177686
0.069299
-1.003143
-1.519600
-0.899418
0.218590
1.271208
1.297137
0.484486
-0.808368
-1.437778
-1.155806
0.054866
1.097351
1.412214
0.544073
-0.652712
-1.490353
-1.115784
-0.017348
1.177686
1.331908
0.527364
-0.823997
-1.448351
-1.053471
0.263781
1.240916
1.292861
0.160133
-1.029336
-1.502744
-0.652712
0.613824
1.443047
0.922815
-0.308619
-1.409326
-1.224163
-0.108745
1.177686
1.303562
0.353152
-1.043310
-1.439181
-0.674736
0.772265
1.390194
0.810644
-0.645511
-1.437778
-1.026236
0.414903
1.338224
1.067400
-0.349266
-1.366515
-1.202771
0.191518
1.271616
1.177686
-0.204532
-1.321025
-1.257553
0.127885
1.256729
1.183039
-0.222719
-1.339582
-1.214075
0.227722
1.305168
1.085867
-0.402845
-1.407664
-1.053370
0.484486
1.375617
0.848223
-0.728144
-1.455700
-0.724067
0.863022
1.369187
0.414903
-1.134179
-1.356816
-0.181715
1.257614
1.137475
-0.227722
-1.463753
-0.955792
0.531742
1.455672
0.544231
-0.955792
-1.457228
-0.173370
1.188938
1.177686
-0.384987
-1.431602
-0.866325
0.810644
1.362529
0.281750
-1.280626
-1.198817
0.254587
1.437778
0.673849
-0.899418
-1.457210
-0.100531
1.256795
1.035783
-0.662144
-1.452225
-0.469116
1.177686
1.137512
-0.370870
-1.516213
-0.586511
1.003774
1.280021
-0.313202
-1.439181
-0.724011
1.029336
1.230825
-0.236751
-1.506025
-0.628071
1.003784
1.257614
-0.402771
-1.453374
-0.556115
1.177686
1.083662
-0.544373
-1.512321
-0.236751
1.256823
0.934927
-0.900323
-1.366515
0.074112
1.437778
0.510873
-1.155812
-1.202656
0.611519
1.362577
0.054866
-1.468653
-0.693260
1.028298
1.177686
-0.645374
-1.428174
-0.090298
1.418619
0.544298
-1.172287
-1.143362
0.748870
1.303722
-0.227722
-1.520193
-0.308619
1.278876
0.787710
-1.134091
-1.155812
0.614008
1.381600
-0.295115
-1.455700
-0.290596
1.387252
0.577340
-1.198817
-1.053261
0.920833
1.177253
-0.586511
-1.462388
0.227722
1.389782
0.127885
-1.490115
-0.458526
1.256861
0.748870
-1.227849
-0.989808
0.899265
1.177686
-0.808099
-1.313237
0.447295
1.400424
-0.349110
-1.445340
0.001173
1.455241
0.069602
-1.437778
-0.380432
1.400424
0.408578
-1.350082
-0.674554
1.292861
0.658115
-1.233965
-0.881441
1.177686
0.825294
-1.127444
-1.012245
1.085867
0.923026
-1.054878
-1.079784
1.035783
0.962616
-1.029336
-1.092818
1.035783
0.949582
-1.054878
-1.053228
1.085867
0.882043
-1.127444
-0.955496
1.177686
0.751239
-1.233965
-0.788317
1.292861
0.544352
-1.350082
-0.538779
1.400424
0.250231
-1.437778
-0.199804
1.455241
-0.131375
-1.445340
0.218908
1.400424
-0.577497
-1.313237
0.677897
1.177686
-1.029467
-0.989808
1.097648
0.748870
-1.387062
-0.458526
1.359913
0.127885
-1.519984
0.227722
1.332186
-0.586511
-1.307454
0.920833
0.923059
-1.198817
-0.707542
1.387252
0.160395
-1.455700
0.164913
1.381600
-0.744210
-1.155812
1.003889
0.787710
-1.409078
-0.308619
1.389991
-0.227722
-1.433924
0.748870
1.013161
-1.172287
-0.674500
1.418619
-0.039904
-1.428174
0.515172
1.177686
-1.158500
-0.693260
1.338451
0.054866
-1.492778
0.611519
1.072454
-1.155812
-0.641075
1.437778
-0.204314
-1.366515
0.770121
0.934927
-1.387025
-0.236751
1.382119
-0.544373
-1.213863
1.177686
0.425913
-1.453374
0.272569
1.257614
-1.133986
-0.628071
1.375824
-0.236751
-1.361027
1.029336
0.593809
-1.439181
0.183000
1.280021
-1.133976
-0.586511
1.386011
-0.370870
-1.267713
1.177686
0.338914
-1.452225
0.531942
1.035783
-1.386997
-0.100531
1.327008
-0.899418
-0.804051
1.437778
-0.384788
-1.198817
1.150424
0.281750
-1.492731
0.810644
0.736124
-1.431602
0.254785
1.177686
-1.319140
-0.173370
1.327027
-0.955792
-0.674433
1.455672
-0.661944
-0.955792
1.333551
-0.227722
-1.267677
1.257614
0.051513
-1.356816
1.003977
0.414903
-1.499389
0.863022
0.593865
-1.455700
0.597943
0.848223
-1.505819
0.484486
0.923168
-1.407664
0.272643
1.085867
-1.435369
0.227722
1.083873
-1.339582
0.092518
1.183039
-1.386931
0.127885
1.127351
-1.321025
0.074330
1.177686
-1.401818
0.191518
1.072569
-1.366515
0.219065
1.067400
-1.468426
0.414903
0.896035
-1.437778
0.515309
0.810644
-1.520396
0.772265
0.544535
-1.439181
0.913108
0.353152
-1.433764
1.177686
-0.021456
-1.224163
1.279124
-0.308619
-1.053017
1.443047
-0.744025
-0.652712
1.372542
-1.029336
-0.290334
1.292861
-1.371118
0.263781
0.923270
-1.448351
0.693795
0.527364
-1.462110
1.177686
-0.112854
-1.115784
1.360152
-0.652712
-0.674275
1.412214
-1.227553
0.054866
1.025604
-1.437778
0.678166
0.484486
-1.427339
1.271208
-0.348792
-0.899418
1.389399
-1.003143
-0.199501
1.177686
-1.485916
0.709290
0.408921
-1.339582
1.257224
-0.441129
-0.787977
1.418619
-1.270009
0.227722
0.825666
-1.448351
1.040711
-0.082274
-1.052847
1.455241
-1.108491
0.009146
0.963020
-1.455700
0.966264
-0.009146
-1.079358
1.455241
-1.133619
0.082274
0.882485
-1.448351
1.086987
-0.227722
-0.880963
1.418619
-1.327951
0.441129
0.544838
-1.339582
1.311883
-0.709290
-0.379897
1.177686
-1.514017
1.003143
-0.130838
-0.899418
1.363196
-1.271208
0.447896
0.484486
-1.316318
1.437778
-1.028870
0.054866
0.811393
-1.412214
1.257536
-0.652712
-0.361866
1.115784
-1.519318
1.177686
-0.472712
-0.527364
1.178014
-1.448351
1.004608
-0.263781
-0.706795
1.292861
-1.502433
1.029336
-0.294254
-0.652712
1.223318
-1.443047
1.004732
-0.308619
-0.623378
1.224163
-1.519217
1.177686
-0.559386
-0.353152
1.014116
-1.439181
1.257915
-0.772265
-0.089186
0.810644
-1.399065
1.437778
-1.157409
0.414903
0.322404
-1.067400
1.363849
-1.366515
0.844543
-0.191518
-0.639821
1.177686
-1.512768
1.321025
-0.898859
0.127885
0.545800
-1.183039
1.383570
-1.339582
0.830483
-0.227722
-0.554420
1.085867
-1.479419
1.407664
-1.132295
0.484486
0.144102
-0.848223
1.232801
-1.455700
1.234955
-0.863022
0.184987
0.414903
-1.051082
1.356816
-1.513892
1.257614
-0.882878
0.227722
0.341270
-0.955792
1.265117
-1.455672
1.259546
-0.955792
0.363532
0.173370
-0.801230
1.177686
-1.482192
1.431602
-1.277333
0.810644
-0.345743
-0.281750
0.739538
-1.198817
1.358733
-1.437778
1.192924
-0.899418
0.364828
0.100531
-0.670249
1.035783
-1.388245
1.452225
-1.458865
1.177686
-0.880180
0.370870
0.056711
-0.586511
0.928655
-1.280021
1.375269
-1.439181
1.239283
-1.029336
0.604502
-0.236751
-0.265368
0.628071
-1.045676
1.257614
-1.473070
1.453374
-1.426944
1.177686
-0.949970
0.544373
-0.212797
-0.236751
0.554797
-0.934927
1.138395
-1.366515
1.395942
-1.437778
1.284699
-1.155812
0.857184
-0.611519
0.233883
0.054866
-0.435237
0.693260
-1.008543
1.177686
-1.381186
1.428174
-1.499974
1.418619
-1.364664
1.172287
-1.018673
0.748870
-0.533658
0.227722
0.007557
-0.308619
0.526135
-0.787710
0.958266
-1.155812
1.261290
-1.381600
1.415196
-1.455700
1.420500
-1.387252
1.293822
-1.198817
1.062442
-0.920833
0.758881
-0.586511
0.416248
-0.227722
0.064737
0.127885
-0.270625
0.458526
-0.571057
0.748870
-0.824169
0.989808
-1.023419
1.177686
-1.167166
1.313237
-1.257528
1.400424
-1.299236
1.445340
-1.298580
1.455241
-1.262539
1.437778
-1.198102
1.400424
-1.111789
1.350082
-1.009345
1.292861
-0.895580
1.233965
-0.774329
1.177686
-0.648483
1.127444
-0.520088
1.085867
-0.390472
1.054878
-0.260393
1.035783
-0.130202
1.029336
0.000000
1.035783
0.130192
1.054878
0.260270
1.085867
0.389886
1.127444
0.518281
1.177686
0.644127
1.233965
0.765378
1.292861
0.879143
1.350082
0.981587
1.400424
1.067900
1.437778
1.132337
1.455241
1.168378
1.445340
1.169034
1.400424
1.127327
1.313237
1.036964
1.177686
0.893217
0.989808
0.693967
0.748870
0.440856
0.458526
0.140423
0.127885
-0.194938
-0.227722
-0.546450
-0.586511
-0.889082
-0.920833
-1.192644
-1.198817
-1.424024
-1.387252
-1.550702
-1.455700
-1.545398
-1.381600
-1.391492
-1.155812
-1.088467
-0.787710
-0.656336
-0.308619
-0.137759
0.227722
0.403456
0.748870
0.888472
1.172287
1.234463
1.418619
1.369773
1.428174
1.250984
1.177686
0.878341
0.693260
0.305035
0.054866
-0.364085
-0.611519
-0.987386
-1.155812
-1.414901
-1.437778
-1.526144
-1.366515
-1.268597
-0.934927
-0.684999
-0.236751
0.082595
0.544373
0.819769
1.177686
1.296742
1.453374
1.342869
1.257614
0.915474
0.628071
0.135166
-0.236751
-0.734704
-1.029336
-1.369485
-1.439181
-1.505471
-1.280021
-1.058857
-0.586511
-0.186913
0.370870
0.749978
1.177686
1.328664
1.452225
1.258043
1.035783
0.540047
0.100531
-0.495030
-0.899418
-1.323126
-1.437778
-1.488935
-1.198817
-0.869740
-0.281750
0.215541
0.810644
1.147131
1.431602
1.351991
1.177686
0.671028
0.173370
-0.493734
-0.955792
-1.389748
-1.455672
-1.395318
-0.955792
-0.471472
0.227722
0.752677
1.257614
1.383690
1.356816
0.920880
0.414903
-0.315188
-0.863022
-1.365157
-1.455700
-1.363003
-0.848223
-0.274304
0.484486
1.002093
1.407664
1.349217
1.085867
0.424218
-0.227722
-0.960685
-1.339582
-1.513772
-1.183039
-0.676002
0.127885
0.768657
1.321025
1.382566
1.177686
0.509619
-0.191518
-0.974745
-1.366515
-1.494051
-1.067400
-0.452605
0.414903
1.027207
1.437778
1.268863
0.810644
-0.041016
-0.772265
-1.388117
-1.439181
-1.144318
-0.353152
0.429184
1.177686
1.389015
1.224163
0.493176
-0.308619
-1.134934
-1.443047
-1.353520
-0.652712
0.164052
1.029336
1.372232
1.292861
0.576593
-0.263781
-1.134809
-1.448351
-1.308216
-0.527364
0.342510
1.177686
1.389116
1.115784
0.231664
-0.652712
-1.387738
-1.412214
-0.941595
0.054866
0.898668
1.437778
1.186116
0.484486
-0.578098
-1.271208
-1.493398
-0.899418
0.000636
1.003143
1.383815
1.177686
0.249695
-0.709290
-1.442085
-1.339582
-0.675040
0.441129
1.197749
1.418619
0.750761
-0.227722
-1.217188
-1.448351
-1.012687
0.082274
1.003417
1.455241
0.949156
-0.009146
-1.096466
-1.455700
-1.093222
0.009146
0.978289
1.455241
0.922645
-0.082274
-1.170913
-1.448351
-0.955868
0.227722
1.139807
1.418619
0.657775
-0.441129
-1.387425
-1.339582
-0.539122
0.709290
1.355714
1.177686
0.069299
-1.003143
-1.519600
-0.899418
0.218590
1.271208
1.297137
0.484486
-0.808368
-1.437778
-1.155806
0.054866
1.097351
1.412214
0.544073
-0.652712
-1.490353
-1.115784
-0.017348
1.177686
1.331908
0.527364
-0.823997
-1.448351
-1.053471
0.263781
1.240916
1.292861
0.160133
-1.029336
-1.502744
-0.652712
0.613824
1.443047
0.922815
-0.308619
-1.409326
-1.224163
-0.108745
1.177686
1.303562
0.353152
-1.043310
-1.439181
-0.674736
0.772265
1.390194
0.810644
-0.645511
-1.437778
-1.026236
0.414903
1.338224
1.067400
-0.349266
-1.366515
-1.202771
0.191518
1.271616
1.177686
-0.204532
-1.321025
-1.257553
0.127885
1.256729
1.183039
-0.222719
-1.339582
-1.214075
0.227722
1.305168
1.085867
-0.402845
-1.407664
-1.053370
0.484486
1.375617
0.848223
-0.728144
-1.455700
-0.724067
0.863022
1.369187
0.414903
-1.134179
-1.356816
-0.181715
1.257614
1.137475
-0.227722
-1.463753
-0.955792
0.531742
1.455672
0.544231
-0.955792
-1.457228
-0.173370
1.188938
1.177686
-0.384987
-1.431602
-0.866325
0.810644
1.362529
0.281750
-1.280626
-1.198817
0.254587
1.437778
0.673849
-0.899418
-1.457210
-0.100531
1.256795
1.035783
-0.662144
-1.452225
-0.469116
1.177686
1.137512
-0.370870
-1.516213
-0.586511
1.003774
1.280021
-0.313202
-1.439181
-0.724011
1.029336
1.230825
-0.236751
-1.506025
-0.628071
1.003784
1.257614
-0.402771
-1.453374
-0.556115
1.177686
1.083662
-0.544373
-1.512321
-0.236751
1.256823
0.934927
-0.900323
-1.366515
0.074112
1.437778
0.510873
-1.155812
-1.202656
0.611519
1.362577
0.054866
-1.468653
-0.693260
1.028298
1.177686
-0.645374
-1.428174
-0.090298
1.418619
0.544298
-1.172287
-1.143362
0.748870
1.303722
-0.227722
-1.520193
-0.308619
1.278876
0.787710
-1.134091
-1.155812
0.614008
1.381600
-0.295115
-1.455700
-0.290596
1.387252
0.577340
-1.198817
-1.053261
0.920833
1.177253
-0.586511
-1.462388
0.227722
1.389782
0.127885
-1.490115
-0.458526
1.256861
0.748870
-1.227849
-0.989808
0.899265
1.177686
-0.808099
-1.313237
0.447295
1.400424
-0.349110
-1.445340
0.001173
1.455241
0.069602
-1.437778
-0.380432
1.400424
0.408578
-1.350082
-0.674554
1.292861
0.658115
-1.233965
-0.881441
1.177686
0.825294
-1.127444
-1.012245
1.085867
0.923026
-1.054878
-1.079784
1.035783
0.962616
-1.029336
-1.092818
1.035783
0.949582
-1.054878
-1.053228
1.085867
0.882043
-1.127444
-0.955496
1.177686
0.751239
-1.233965
-0.788317
1.292861
0.544352
-1.350082
-0.538779
1.400424
0.250231
-1.437778
-0.199804
1.455241
-0.131375
-1.445340
0.218908
1.400424
-0.577497
-1.313237
0.677897
1.177686
-1.029467
-0.989808
1.097648
0.748870
-1.387062
-0.458526
1.359913
0.127885
-1.519984
0.227722
1.332186
-0.586511
-1.307454
0.920833
0.923059
-1.198817
-0.707542
1.387252
0.160395
-1.455700
0.164913
1.381600
-0.744210
-1.155812
1.003889
0.787710
-1.409078
-0.308619
1.389991
-0.227722
-1.433924
0.748870
1.013161
-1.172287
-0.674500
1.418619
-0.039904
-1.428174
0.515172
1.177686
-1.158500
-0.693260
1.338451
0.054866
-1.492778
0.611519
1.072454
-1.155812
-0.641075
1.437778
-0.204314
-1.366515
0.770121
0.934927
-1.387025
-0.236751
1.382119
-0.544373
-1.213863
1.177686
0.425913
-1.453374
0.272569
1.257614
-1.133986
-0.628071
1.375824
-0.236751
-1.361027
1.029336
0.593809
-1.439181
0.183000
1.280021
-1.133976
-0.586511
1.386011
-0.370870
-1.267713
1.177686
0.338914
-1.452225
0.531942
1.035783
-1.386997
-0.100531
1.327008
-0.899418
-0.804051
1.437778
-0.384788
-1.198817
1.150424
0.281750
-1.492731
0.810644
0.736124
-1.431602
0.254785
1.177686
-1.319140
-0.173370
1.327027
-0.955792
-0.674433
1.455672
-0.661944
-0.955792
1.333551
-0.227722
-1.267677
1.257614
0.051513
-1.356816
1.003977
0.414903
-1.499389
0.863022
0.593865
-1.455700
0.597943
0.848223
-1.505819
0.484486
0.923168
-1.407664
0.272643
1.085867
-1.435369
0.227722
1.083873
-1.339582
0.092518
1.183039
-1.386931
0.127885
1.127351
-1.321025
0.074330
1.177686
-1.401818
0.191518
1.072569
-1.366515
0.219065
1.067400
-1.468426
0.414903
0.896035
-1.437778
0.515309
0.810644
-1.520396
0.772265
0.544535
-1.439181
0.913108
0.353152
-1.433764
1.177686
-0.021456
-1.224163
1.279124
-0.308619
-1.053017
1.443047
-0.744025
-0.652712
1.372542
-1.029336
-0.290334
1.292861
-1.371118
0.263781
0.923270
-1.448351
0.693795
0.527364
-1.462110
1.177686
-0.112854
-1.115784
1.360152
-0.652712
-0.674275
1.412214
-1.227553
0.054866
1.025604
-1.437778
0.678166
0.484486
-1.427339
1.271208
-0.348792
-0.899418
1.389399
-1.003143
-0.199501
1.177686
-1.485916
0.709290
0.408921
-1.339582
1.257224
-0.441129
-0.787977
1.418619
-1.270009
0.227722
0.825666
-1.448351
1.040711
-0.082274
-1.052847
1.455241
-1.108491
0.009146
0.963020
-1.455700
0.966264
-0.009146
-1.079358
1.455241
-1.133619
0.082274
0.882485
-1.448351
1.086987
-0.227722
-0.880963
1.418619
-1.327951
0.441129
0.544838
-1.339582
1.311883
-0.709290
-0.379897
1.177686
-1.514017
1.003143
-0.130838
-0.899418
1.363196
-1.271208
0.447896
0.484486
-1.316318
1.437778
-1.028870
0.054866
0.811393
-1.412214
1.257536
-0.652712
-0.361866
1.115784
-1.519318
1.177686
-0.472712
-0.527364
1.178014
-1.448351
1.004608
-0.263781
-0.706795
1.292861
-1.502433
1.029336
-0.294254
-0.652712
1.223318
-1.443047
1.004732
-0.308619
-0.623378
1.224163
-1.519217
1.177686
-0.559386
-0.353152
1.014116
-1.439181
1.257915
-0.772265
-0.089186
0.810644
-1.399065
1.437778
-1.157409
0.414903
0.322404
-1.067400
1.363849
-1.366515
0.844543
-0.191518
-0.639821
1.177686
-1.512768
1.321025
-0.898859
0.127885
0.545800
-1.183039
1.383570
-1.339582
0.830483
-0.227722
-0.554420
1.085867
-1.479419
1.407664
-1.132295
0.484486
0.144102
-0.848223
1.232801
-1.455700
1.234955
-0.863022
0.184987
0.414903
-1.051082
1.356816
-1.513892
1.257614
-0.882878
0.227722
0.341270
-0.955792
1.265117
-1.455672
1.259546
-0.955792
0.363532
0.173370
-0.801230
1.177686
-1.482192
1.431602
-1.277333
0.810644
-0.345743
-0.281750
0.739538
-1.198817
1.358733
-1.437778
1.192924
-0.899418
0.364828
0.100531
-0.670249
1.035783
-1.388245
1.452225
-1.458865
1.177686
-0.880180
0.370870
0.056711
-0.586511
0.928655
-1.280021
1.375269
-1.439181
1.239283
-1.029336
0.604502
-0.236751
-0.265368
0.628071
-1.045676
1.257614
-1.473070
1.453374
-1.426944
1.177686
-0.949970
0.544373
-0.212797
-0.236751
0.554797
-0.934927
1.138395
-1.366515
1.395942
-1.437778
1.284699
-1.155812
0.857184
-0.611519
0.233883
0.054866
-0.435237
0.693260
-1.008543
1.177686
-1.381186
1.428174
-1.499974
1.418619
-1.364664
1.172287
-1.018673
0.748870
-0.533658
0.227722
0.007557
-0.308619
0.526135
-0.787710
0.958266
-1.155812
1.261290
-1.381600
1.415196
-1.455700
1.420500
-1.387252
1.293822
-1.198817
1.062442
-0.920833
0.758881
-0.586511
0.416248
-0.227722
0.064737
0.127885
-0.270625
0.458526
-0.571057
0.748870
-0.824169
0.989808
-1.023419
1.177686
-1.167166
1.313237
-1.257528
1.400424
-1.299236
1.445340
-1.298580
1.455241
-1.262539
1.437778
-1.198102
1.400424
-1.111789
1.350082
-1.009345
1.292861
-0.895580
1.233965
-0.774329
1.177686
-0.648483
1.127444
-0.520088
1.085867
-0.390472
1.054878
-0.260393
1.035783
-0.130202
1.029336
