0.000000
0.609284
0.076583
0.620516
0.153100
0.638745
0.229345
0.663203
0.304871
0.692757
0.378898
0.725862
0.450222
0.760506
0.517143
0.794166
0.577404
0.823779
0.628177
0.845752
0.666080
0.856024
0.687281
0.850200
0.687667
0.823779
0.663133
0.772492
0.609979
0.692757
0.525422
0.582240
0.408216
0.440512
0.259327
0.269721
0.082602
0.075226
-0.114670
-0.133954
-0.321441
-0.345007
-0.522990
-0.541666
-0.701555
-0.705186
-0.837661
-0.816031
-0.912178
-0.856294
-0.909058
-0.812706
-0.818525
-0.679889
-0.640275
-0.463359
-0.386080
-0.181540
-0.081035
0.133954
0.237327
0.440512
0.522630
0.689581
0.726155
0.834482
0.805749
0.840102
0.735873
0.692757
0.516671
0.407800
0.179432
0.032274
-0.214168
-0.359717
-0.580815
-0.679889
-0.832295
-0.845752
-0.897732
-0.803832
-0.746234
-0.549957
-0.402941
-0.139265
0.048585
0.320219
0.482217
0.692757
0.762789
0.854926
0.789923
0.739773
0.538514
0.369453
0.079509
-0.139265
-0.432179
-0.605492
-0.805580
-0.846577
-0.885571
-0.752954
-0.622857
-0.345007
-0.109949
0.218159
0.441164
0.692757
0.781567
0.854250
0.740025
0.609284
0.317675
0.059136
-0.291194
-0.529070
-0.778309
-0.845752
-0.875844
-0.705186
-0.511612
-0.165735
0.126789
0.476849
0.674783
0.842119
0.795289
0.692757
0.394723
0.101982
-0.290432
-0.562231
-0.817499
-0.856277
-0.820776
-0.562231
-0.277336
0.133954
0.442751
0.739773
0.813935
0.798127
0.541694
0.244060
-0.185405
-0.507660
-0.803034
-0.856294
-0.801767
-0.498955
-0.161355
0.284991
0.589467
0.828038
0.793657
0.638745
0.249540
-0.133954
-0.565109
-0.787989
-0.890454
-0.695905
-0.397648
0.075226
0.452151
0.777074
0.813274
0.692757
0.299776
-0.112658
-0.573379
-0.803832
-0.878853
-0.627882
-0.266238
0.244060
0.604239
0.845752
0.746390
0.476849
-0.024127
-0.454274
-0.816539
-0.846577
-0.673128
-0.207736
0.252461
0.692757
0.817068
0.720096
0.290104
-0.181540
-0.667608
-0.848851
-0.796188
-0.383948
0.096501
0.605492
0.807195
0.760506
0.339173
-0.155165
-0.667535
-0.851971
-0.769539
-0.310214
0.201477
0.692757
0.817127
0.656344
0.136273
-0.383948
-0.816316
-0.830714
-0.553879
0.032274
0.528628
0.845752
0.697716
0.284991
-0.340058
-0.747770
-0.878469
-0.529070
0.000374
0.590084
0.814009
0.692757
0.146880
-0.417230
-0.848285
-0.787989
-0.397082
0.259487
0.704558
0.834482
0.441624
-0.133954
-0.715993
-0.851971
-0.595698
0.048397
0.590245
0.856024
0.558327
-0.005380
-0.644980
-0.856294
-0.643072
0.005380
0.575464
0.856024
0.542733
-0.048397
-0.688772
-0.851971
-0.562275
0.133954
0.670475
0.834482
0.386927
-0.259487
-0.816133
-0.787989
-0.317131
0.417230
0.797479
0.692757
0.040764
-0.590084
-0.893883
-0.529070
0.128582
0.747770
0.763022
0.284991
-0.475511
-0.845752
-0.679886
0.032274
0.645500
0.830714
0.320043
-0.383948
-0.876678
-0.656344
-0.010205
0.692757
0.783475
0.310214
-0.484704
-0.851971
-0.619689
0.155165
0.729951
0.760506
0.094196
-0.605492
-0.883967
-0.383948
0.361073
0.848851
0.542832
-0.181540
-0.829015
-0.720096
-0.063968
0.692757
0.766801
0.207736
-0.613712
-0.846577
-0.396904
0.454274
0.817761
0.476849
-0.379712
-0.845752
-0.603669
0.244060
0.787191
0.627882
-0.205451
-0.803832
-0.707512
0.112658
0.748010
0.692757
-0.120313
-0.777074
-0.739737
0.075226
0.739252
0.695905
-0.131011
-0.787989
-0.714162
0.133954
0.767746
0.638745
-0.236968
-0.828038
-0.619629
0.284991
0.809187
0.498955
-0.428320
-0.856294
-0.425922
0.507660
0.805404
0.244060
-0.667164
-0.798127
-0.106891
0.739773
0.669103
-0.133954
-0.861031
-0.562231
0.312790
0.856277
0.320136
-0.562231
-0.857193
-0.101982
0.699375
0.692757
-0.226463
-0.842119
-0.509603
0.476849
0.801488
0.165735
-0.753309
-0.705186
0.149757
0.845752
0.396382
-0.529070
-0.857182
-0.059136
0.739291
0.609284
-0.389496
-0.854250
-0.275951
0.692757
0.669125
-0.218159
-0.891890
-0.345007
0.590456
0.752954
-0.184236
-0.846577
-0.425889
0.605492
0.724015
-0.139265
-0.885897
-0.369453
0.590461
0.739773
-0.236924
-0.854926
-0.327127
0.692757
0.637448
-0.320219
-0.889601
-0.139265
0.739308
0.549957
-0.529602
-0.803832
0.043595
0.845752
0.300514
-0.679889
-0.707444
0.359717
0.801516
0.032274
-0.863913
-0.407800
0.604881
0.692757
-0.379632
-0.840102
-0.053116
0.834482
0.320175
-0.689581
-0.672566
0.440512
0.766895
-0.133954
-0.894231
-0.181540
0.752280
0.463359
-0.667112
-0.679889
0.361181
0.812706
-0.173597
-0.856294
-0.170939
0.816031
0.339612
-0.705186
-0.619565
0.541666
0.692502
-0.345007
-0.860228
0.133954
0.817519
0.075226
-0.876538
-0.269721
0.739330
0.440512
-0.722264
-0.582240
0.528979
0.692757
-0.475352
-0.772492
0.263115
0.823779
-0.205359
-0.850200
0.000690
0.856024
0.040943
-0.845752
-0.223784
0.823779
0.240340
-0.794166
-0.396796
0.760506
0.387127
-0.725862
-0.518495
0.692757
0.485467
-0.663203
-0.595438
0.638745
0.542957
-0.620516
-0.635167
0.609284
0.566245
-0.605492
-0.642834
0.609284
0.558578
-0.620516
-0.619546
0.638745
0.518849
-0.663203
-0.562057
0.692757
0.441905
-0.725862
-0.463716
0.760506
0.320207
-0.794166
-0.316929
0.823779
0.147194
-0.845752
-0.117532
0.856024
-0.077279
-0.850200
0.128770
0.823779
-0.339704
-0.772492
0.398763
0.692757
-0.605569
-0.582240
0.645675
0.440512
-0.815919
-0.269721
0.799949
0.075226
-0.894108
0.133954
0.783639
-0.345007
-0.769091
0.541666
0.542976
-0.705186
-0.416201
0.816031
0.094350
-0.856294
0.097008
0.812706
-0.437770
-0.679889
0.590523
0.463359
-0.828869
-0.181540
0.817642
-0.133954
-0.843485
0.440512
0.595977
-0.689581
-0.396765
0.834482
-0.023473
-0.840102
0.303043
0.692757
-0.681471
-0.407800
0.787324
0.032274
-0.878105
0.359717
0.630855
-0.679889
-0.377103
0.845752
-0.120185
-0.803832
0.453012
0.549957
-0.815897
-0.139265
0.813011
-0.320219
-0.714037
0.692757
0.250537
-0.854926
0.160335
0.739773
-0.667050
-0.369453
0.809308
-0.139265
-0.800604
0.605492
0.349300
-0.846577
0.107647
0.752954
-0.667045
-0.345007
0.815301
-0.218159
-0.745714
0.692757
0.199361
-0.854250
0.312907
0.609284
-0.815881
-0.059136
0.780593
-0.529070
-0.472971
0.845752
-0.226346
-0.705186
0.676720
0.165735
-0.878077
0.476849
0.433014
-0.842119
0.149874
0.692757
-0.775964
-0.101982
0.780604
-0.562231
-0.396725
0.856277
-0.389379
-0.562231
0.784442
-0.133954
-0.745692
0.739773
0.030302
-0.798127
0.590575
0.244060
-0.881994
0.507660
0.349332
-0.856294
0.351731
0.498955
-0.885776
0.284991
0.543040
-0.828038
0.160378
0.638745
-0.844335
0.133954
0.637572
-0.787989
0.054422
0.695905
-0.815842
0.075226
0.663148
-0.777074
0.043724
0.692757
-0.824599
0.112658
0.630923
-0.803832
0.128861
0.627882
-0.863780
0.244060
0.527079
-0.845752
0.303123
0.476849
-0.894351
0.454274
0.320314
-0.846577
0.537122
0.207736
-0.843391
0.692757
-0.012621
-0.720096
0.752426
-0.181540
-0.619422
0.848851
-0.437662
-0.383948
0.807378
-0.605492
-0.170785
0.760506
-0.806540
0.155165
0.543100
-0.851971
0.408115
0.310214
-0.860065
0.692757
-0.066385
-0.656344
0.800089
-0.383948
-0.396632
0.830714
-0.722090
0.032274
0.603297
-0.845752
0.398921
0.284991
-0.839611
0.747770
-0.205172
-0.529070
0.817293
-0.590084
-0.117354
0.692757
-0.874068
0.417230
0.240542
-0.787989
0.739543
-0.259487
-0.463516
0.834482
-0.747064
0.133954
0.485686
-0.851971
0.612183
-0.048397
-0.619322
0.856024
-0.652054
0.005380
0.566483
-0.856294
0.568391
-0.005380
-0.634916
0.856024
-0.666835
0.048397
0.519109
-0.851971
0.639404
-0.133954
-0.518214
0.834482
-0.781147
0.259487
0.320493
-0.787989
0.771696
-0.417230
-0.223469
0.692757
-0.890598
0.590084
-0.076963
-0.529070
0.801880
-0.747770
0.263468
0.284991
-0.774305
0.845752
-0.605218
0.032274
0.477290
-0.830714
0.739727
-0.383948
-0.212862
0.656344
-0.893717
0.692757
-0.278066
-0.310214
0.692949
-0.851971
0.590946
-0.155165
-0.415762
0.760506
-0.883784
0.605492
-0.173091
-0.383948
0.719599
-0.848851
0.591019
-0.181540
-0.366693
0.720096
-0.893657
0.692757
-0.329051
-0.207736
0.596539
-0.846577
0.739950
-0.454274
-0.052462
0.476849
-0.822979
0.845752
-0.680829
0.244060
0.189649
-0.627882
0.802264
-0.803832
0.496790
-0.112658
-0.376365
0.692757
-0.889863
0.777074
-0.528740
0.075226
0.321059
-0.695905
0.813865
-0.787989
0.488520
-0.133954
-0.326129
0.638745
-0.870247
0.828038
-0.666056
0.284991
0.084766
-0.498955
0.725177
-0.856294
0.726444
-0.507660
0.108816
0.244060
-0.618283
0.798127
-0.890524
0.739773
-0.519340
0.133954
0.200747
-0.562231
0.744186
-0.856277
0.740910
-0.562231
0.213842
0.101982
-0.471312
0.692757
-0.871878
0.842119
-0.751372
0.476849
-0.203378
-0.165735
0.435022
-0.705186
0.799255
-0.845752
0.701720
-0.529070
0.214605
0.059136
-0.394264
0.609284
-0.816615
0.854250
-0.858156
0.692757
-0.517753
0.218159
0.033360
-0.345007
0.546268
-0.752954
0.808982
-0.846577
0.728990
-0.605492
0.355590
-0.139265
-0.156099
0.369453
-0.615104
0.739773
-0.866512
0.854926
-0.839379
0.692757
-0.558806
0.320219
-0.125175
-0.139265
0.326351
-0.549957
0.669644
-0.803832
0.821143
-0.845752
0.755706
-0.679889
0.504226
-0.359717
0.137578
0.032274
-0.256022
0.407800
-0.593260
0.692757
-0.812462
0.840102
-0.882338
0.834482
-0.802744
0.689581
-0.599220
0.440512
-0.313916
0.133954
0.004445
-0.181540
0.309491
-0.463359
0.563686
-0.679889
0.741935
-0.812706
0.832468
-0.856294
0.835588
-0.816031
0.761072
-0.705186
0.624966
-0.541666
0.446400
-0.345007
0.244852
-0.133954
0.038080
0.075226
-0.159191
0.269721
-0.335916
0.440512
-0.484805
0.582240
-0.602011
0.692757
-0.686568
0.772492
-0.739723
0.823779
-0.764256
0.850200
-0.763870
0.856024
-0.742670
0.845752
-0.704766
0.823779
-0.653994
0.794166
-0.593732
0.760506
-0.526812
0.725862
-0.455487
0.692757
-0.381460
0.663203
-0.305934
0.638745
-0.229689
0.620516
-0.153173
0.609284
-0.076589
0.605492
0.000000
0.609284
0.076583
0.620516
0.153100
0.638745
0.229345
0.663203
0.304871
0.692757
0.378898
0.725862
0.450222
0.760506
0.517143
0.794166
0.577404
0.823779
0.628177
0.845752
0.666080
0.856024
0.687281
0.850200
0.687667
0.823779
0.663133
0.772492
0.609979
0.692757
0.525422
0.582240
0.408216
0.440512
0.259327
0.269721
0.082602
0.075226
-0.114670
-0.133954
-0.321441
-0.345007
-0.522990
-0.541666
-0.701555
-0.705186
-0.837661
-0.816031
-0.912178
-0.856294
-0.909058
-0.812706
-0.818525
-0.679889
-0.640275
-0.463359
-0.386080
-0.181540
-0.081035
0.133954
0.237327
0.440512
0.522630
0.689581
0.726155
0.834482
0.805749
0.840102
0.735873
0.692757
0.516671
0.407800
0.179432
0.032274
-0.214168
-0.359717
-0.580815
-0.679889
-0.832295
-0.845752
-0.897732
-0.803832
-0.746234
-0.549957
-0.402941
-0.139265
0.048585
0.320219
0.482217
0.692757
0.762789
0.854926
0.789923
0.739773
0.538514
0.369453
0.079509
-0.139265
-0.432179
-0.605492
-0.805580
-0.846577
-0.885571
-0.752954
-0.622857
-0.345007
-0.109949
0.218159
0.441164
0.692757
0.781567
0.854250
0.740025
0.609284
0.317675
0.059136
-0.291194
-0.529070
-0.778309
-0.845752
-0.875844
-0.705186
-0.511612
-0.165735
0.126789
0.476849
0.674783
0.842119
0.795289
0.692757
0.394723
0.101982
-0.290432
-0.562231
-0.817499
-0.856277
-0.820776
-0.562231
-0.277336
0.133954
0.442751
0.739773
0.813935
0.798127
0.541694
0.244060
-0.185405
-0.507660
-0.803034
-0.856294
-0.801767
-0.498955
-0.161355
0.284991
0.589467
0.828038
0.793657
0.638745
0.249540
-0.133954
-0.565109
-0.787989
-0.890454
-0.695905
-0.397648
0.075226
0.452151
0.777074
0.813274
0.692757
0.299776
-0.112658
-0.573379
-0.803832
-0.878853
-0.627882
-0.266238
0.244060
0.604239
0.845752
0.746390
0.476849
-0.024127
-0.454274
-0.816539
-0.846577
-0.673128
-0.207736
0.252461
0.692757
0.817068
0.720096
0.290104
-0.181540
-0.667608
-0.848851
-0.796188
-0.383948
0.096501
0.605492
0.807195
0.760506
0.339173
-0.155165
-0.667535
-0.851971
-0.769539
-0.310214
0.201477
0.692757
0.817127
0.656344
0.136273
-0.383948
-0.816316
-0.830714
-0.553879
0.032274
0.528628
0.845752
0.697716
0.284991
-0.340058
-0.747770
-0.878469
-0.529070
0.000374
0.590084
0.814009
0.692757
0.146880
-0.417230
-0.848285
-0.787989
-0.397082
0.259487
0.704558
0.834482
0.441624
-0.133954
-0.715993
-0.851971
-0.595698
0.048397
0.590245
0.856024
0.558327
-0.005380
-0.644980
-0.856294
-0.643072
0.005380
0.575464
0.856024
0.542733
-0.048397
-0.688772
-0.851971
-0.562275
0.133954
0.670475
0.834482
0.386927
-0.259487
-0.816133
-0.787989
-0.317131
0.417230
0.797479
0.692757
0.040764
-0.590084
-0.893883
-0.529070
0.128582
0.747770
0.763022
0.284991
-0.475511
-0.845752
-0.679886
0.032274
0.645500
0.830714
0.320043
-0.383948
-0.876678
-0.656344
-0.010205
0.692757
0.783475
0.310214
-0.484704
-0.851971
-0.619689
0.155165
0.729951
0.760506
0.094196
-0.605492
-0.883967
-0.383948
0.361073
0.848851
0.542832
-0.181540
-0.829015
-0.720096
-0.063968
0.692757
0.766801
0.207736
-0.613712
-0.846577
-0.396904
0.454274
0.817761
0.476849
-0.379712
-0.845752
-0.603669
0.244060
0.787191
0.627882
-0.205451
-0.803832
-0.707512
0.112658
0.748010
0.692757
-0.120313
-0.777074
-0.739737
0.075226
0.739252
0.695905
-0.131011
-0.787989
-0.714162
0.133954
0.767746
0.638745
-0.236968
-0.828038
-0.619629
0.284991
0.809187
0.498955
-0.428320
-0.856294
-0.425922
0.507660
0.805404
0.244060
-0.667164
-0.798127
-0.106891
0.739773
0.669103
-0.133954
-0.861031
-0.562231
0.312790
0.856277
0.320136
-0.562231
-0.857193
-0.101982
0.699375
0.692757
-0.226463
-0.842119
-0.509603
0.476849
0.801488
0.165735
-0.753309
-0.705186
0.149757
0.845752
0.396382
-0.529070
-0.857182
-0.059136
0.739291
0.609284
-0.389496
-0.854250
-0.275951
0.692757
0.669125
-0.218159
-0.891890
-0.345007
0.590456
0.752954
-0.184236
-0.846577
-0.425889
0.605492
0.724015
-0.139265
-0.885897
-0.369453
0.590461
0.739773
-0.236924
-0.854926
-0.327127
0.692757
0.637448
-0.320219
-0.889601
-0.139265
0.739308
0.549957
-0.529602
-0.803832
0.043595
0.845752
0.300514
-0.679889
-0.707444
0.359717
0.801516
0.032274
-0.863913
-0.407800
0.604881
0.692757
-0.379632
-0.840102
-0.053116
0.834482
0.320175
-0.689581
-0.672566
0.440512
0.766895
-0.133954
-0.894231
-0.181540
0.752280
0.463359
-0.667112
-0.679889
0.361181
0.812706
-0.173597
-0.856294
-0.170939
0.816031
0.339612
-0.705186
-0.619565
0.541666
0.692502
-0.345007
-0.860228
0.133954
0.817519
0.075226
-0.876538
-0.269721
0.739330
0.440512
-0.722264
-0.582240
0.528979
0.692757
-0.475352
-0.772492
0.263115
0.823779
-0.205359
-0.850200
0.000690
0.856024
0.040943
-0.845752
-0.223784
0.823779
0.240340
-0.794166
-0.396796
0.760506
0.387127
-0.725862
-0.518495
0.692757
0.485467
-0.663203
-0.595438
0.638745
0.542957
-0.620516
-0.635167
0.609284
0.566245
-0.605492
-0.642834
0.609284
0.558578
-0.620516
-0.619546
0.638745
0.518849
-0.663203
-0.562057
0.692757
0.441905
-0.725862
-0.463716
0.760506
0.320207
-0.794166
-0.316929
0.823779
0.147194
-0.845752
-0.117532
0.856024
-0.077279
-0.850200
0.128770
0.823779
-0.339704
-0.772492
0.398763
0.692757
-0.605569
-0.582240
0.645675
0.440512
-0.815919
-0.269721
0.799949
0.075226
-0.894108
0.133954
0.783639
-0.345007
-0.769091
0.541666
0.542976
-0.705186
-0.416201
0.816031
0.094350
-0.856294
0.097008
0.812706
-0.437770
-0.679889
0.590523
0.463359
-0.828869
-0.181540
0.817642
-0.133954
-0.843485
0.440512
0.595977
-0.689581
-0.396765
0.834482
-0.023473
-0.840102
0.303043
0.692757
-0.681471
-0.407800
0.787324
0.032274
-0.878105
0.359717
0.630855
-0.679889
-0.377103
0.845752
-0.120185
-0.803832
0.453012
0.549957
-0.815897
-0.139265
0.813011
-0.320219
-0.714037
0.692757
0.250537
-0.854926
0.160335
0.739773
-0.667050
-0.369453
0.809308
-0.139265
-0.800604
0.605492
0.349300
-0.846577
0.107647
0.752954
-0.667045
-0.345007
0.815301
-0.218159
-0.745714
0.692757
0.199361
-0.854250
0.312907
0.609284
-0.815881
-0.059136
0.780593
-0.529070
-0.472971
0.845752
-0.226346
-0.705186
0.676720
0.165735
-0.878077
0.476849
0.433014
-0.842119
0.149874
0.692757
-0.775964
-0.101982
0.780604
-0.562231
-0.396725
0.856277
-0.389379
-0.562231
0.784442
-0.133954
-0.745692
0.739773
0.030302
-0.798127
0.590575
0.244060
-0.881994
0.507660
0.349332
-0.856294
0.351731
0.498955
-0.885776
0.284991
0.543040
-0.828038
0.160378
0.638745
-0.844335
0.133954
0.637572
-0.787989
0.054422
0.695905
-0.815842
0.075226
0.663148
-0.777074
0.043724
0.692757
-0.824599
0.112658
0.630923
-0.803832
0.128861
0.627882
-0.863780
0.244060
0.527079
-0.845752
0.303123
0.476849
-0.894351
0.454274
0.320314
-0.846577
0.537122
0.207736
-0.843391
0.692757
-0.012621
-0.720096
0.752426
-0.181540
-0.619422
0.848851
-0.437662
-0.383948
0.807378
-0.605492
-0.170785
0.760506
-0.806540
0.155165
0.543100
-0.851971
0.408115
0.310214
-0.860065
0.692757
-0.066385
-0.656344
0.800089
-0.383948
-0.396632
0.830714
-0.722090
0.032274
0.603297
-0.845752
0.398921
0.284991
-0.839611
0.747770
-0.205172
-0.529070
0.817293
-0.590084
-0.117354
0.692757
-0.874068
0.417230
0.240542
-0.787989
0.739543
-0.259487
-0.463516
0.834482
-0.747064
0.133954
0.485686
-0.851971
0.612183
-0.048397
-0.619322
0.856024
-0.652054
0.005380
0.566483
-0.856294
0.568391
-0.005380
-0.634916
0.856024
-0.666835
0.048397
0.519109
-0.851971
0.639404
-0.133954
-0.518214
0.834482
-0.781147
0.259487
0.320493
-0.787989
0.771696
-0.417230
-0.223469
0.692757
-0.890598
0.590084
-0.076963
-0.529070
0.801880
-0.747770
0.263468
0.284991
-0.774305
0.845752
-0.605218
0.032274
0.477290
-0.830714
0.739727
-0.383948
-0.212862
0.656344
-0.893717
0.692757
-0.278066
-0.310214
0.692949
-0.851971
0.590946
-0.155165
-0.415762
0.760506
-0.883784
0.605492
-0.173091
-0.383948
0.719599
-0.848851
0.591019
-0.181540
-0.366693
0.720096
-0.893657
0.692757
-0.329051
-0.207736
0.596539
-0.846577
0.739950
-0.454274
-0.052462
0.476849
-0.822979
0.845752
-0.680829
0.244060
0.189649
-0.627882
0.802264
-0.803832
0.496790
-0.112658
-0.376365
0.692757
-0.889863
0.777074
-0.528740
0.075226
0.321059
-0.695905
0.813865
-0.787989
0.488520
-0.133954
-0.326129
0.638745
-0.870247
0.828038
-0.666056
0.284991
0.084766
-0.498955
0.725177
-0.856294
0.726444
-0.507660
0.108816
0.244060
-0.618283
0.798127
-0.890524
0.739773
-0.519340
0.133954
0.200747
-0.562231
0.744186
-0.856277
0.740910
-0.562231
0.213842
0.101982
-0.471312
0.692757
-0.871878
0.842119
-0.751372
0.476849
-0.203378
-0.165735
0.435022
-0.705186
0.799255
-0.845752
0.701720
-0.529070
0.214605
0.059136
-0.394264
0.609284
-0.816615
0.854250
-0.858156
0.692757
-0.517753
0.218159
0.033360
-0.345007
0.546268
-0.752954
0.808982
-0.846577
0.728990
-0.605492
0.355590
-0.139265
-0.156099
0.369453
-0.615104
0.739773
-0.866512
0.854926
-0.839379
0.692757
-0.558806
0.320219
-0.125175
-0.139265
0.326351
-0.549957
0.669644
-0.803832
0.821143
-0.845752
0.755706
-0.679889
0.504226
-0.359717
0.137578
0.032274
-0.256022
0.407800
-0.593260
0.692757
-0.812462
0.840102
-0.882338
0.834482
-0.802744
0.689581
-0.599220
0.440512
-0.313916
0.133954
0.004445
-0.181540
0.309491
-0.463359
0.563686
-0.679889
0.741935
-0.812706
0.832468
-0.856294
0.835588
-0.816031
0.761072
-0.705186
0.624966
-0.541666
0.446400
-0.345007
0.244852
-0.133954
0.038080
0.075226
-0.159191
0.269721
-0.335916
0.440512
-0.484805
0.582240
-0.602011
0.692757
-0.686568
0.772492
-0.739723
0.823779
-0.764256
0.850200
-0.763870
0.856024
-0.742670
0.845752
-0.704766
0.823779
-0.653994
0.794166
-0.593732
0.760506
-0.526812
0.725862
-0.455487
0.692757
-0.381460
0.663203
-0.305934
0.638745
-0.229689
0.620516
-0.153173
0.609284
-0.076589
0.605492
0.000000
0.609284
0.076583
0.620516
0.153100
0.638745
0.229345
0.663203
0.304871
0.692757
0.378898
0.725862
0.450222
0.760506
0.517143
0.794166
0.577404
0.823779
0.628177
0.845752
0.666080
0.856024
0.687281
0.850200
0.687667
0.823779
0.663133
0.772492
0.609979
0.692757
0.525422
0.582240
0.408216
0.440512
0.259327
0.269721
0.082602
0.075226
-0.114670
-0.133954
-0.321441
-0.345007
-0.522990
-0.541666
-0.701555
-0.705186
-0.837661
-0.816031
-0.912178
-0.856294
-0.909058
-0.812706
-0.818525
-0.679889
-0.640275
-0.463359
-0.386080
-0.181540
-0.081035
0.133954
0.237327
0.440512
0.522630
0.689581
0.726155
0.834482
0.805749
0.840102
0.735873
0.692757
0.516671
0.407800
0.179432
0.032274
-0.214168
-0.359717
-0.580815
-0.679889
-0.832295
-0.845752
-0.897732
-0.803832
-0.746234
-0.549957
-0.402941
-0.139265
0.048585
0.320219
0.482217
0.692757
0.762789
0.854926
0.789923
0.739773
0.538514
0.369453
0.079509
-0.139265
-0.432179
-0.605492
-0.805580
-0.846577
-0.885571
-0.752954
-0.622857
-0.345007
-0.109949
0.218159
0.441164
0.692757
0.781567
0.854250
0.740025
0.609284
0.317675
0.059136
-0.291194
-0.529070
-0.778309
-0.845752
-0.875844
-0.705186
-0.511612
-0.165735
0.126789
0.476849
0.674783
0.842119
0.795289
0.692757
0.394723
0.101982
-0.290432
-0.562231
-0.817499
-0.856277
-0.820776
-0.562231
-0.277336
0.133954
0.442751
0.739773
0.813935
0.798127
0.541694
0.244060
-0.185405
-0.507660
-0.803034
-0.856294
-0.801767
-0.498955
-0.161355
0.284991
0.589467
0.828038
0.793657
0.638745
0.249540
-0.133954
-0.565109
-0.787989
-0.890454
-0.695905
-0.397648
0.075226
0.452151
0.777074
0.813274
0.692757
0.299776
-0.112658
-0.573379
-0.803832
-0.878853
-0.627882
-0.266238
0.244060
0.604239
0.845752
0.746390
0.476849
-0.024127
-0.454274
-0.816539
-0.846577
-0.673128
-0.207736
0.252461
0.692757
0.817068
0.720096
0.290104
-0.181540
-0.667608
-0.848851
-0.796188
-0.383948
0.096501
0.605492
0.807195
0.760506
0.339173
-0.155165
-0.667535
-0.851971
-0.769539
-0.310214
0.201477
0.692757
0.817127
0.656344
0.136273
-0.383948
-0.816316
-0.830714
-0.553879
0.032274
0.528628
0.845752
0.697716
0.284991
-0.340058
-0.747770
-0.878469
-0.529070
0.000374
0.590084
0.814009
0.692757
0.146880
-0.417230
-0.848285
-0.787989
-0.397082
0.259487
0.704558
0.834482
0.441624
-0.133954
-0.715993
-0.851971
-0.595698
0.048397
0.590245
0.856024
0.558327
-0.005380
-0.644980
-0.856294
-0.643072
0.005380
0.575464
0.856024
0.542733
-0.048397
-0.688772
-0.851971
-0.562275
0.133954
0.670475
0.834482
0.386927
-0.259487
-0.816133
-0.787989
-0.317131
0.417230
0.797479
0.692757
0.040764
-0.590084
-0.893883
-0.529070
0.128582
0.747770
0.763022
0.284991
-0.475511
-0.845752
-0.679886
0.032274
0.645500
0.830714
0.320043
-0.383948
-0.876678
-0.656344
-0.010205
0.692757
0.783475
0.310214
-0.484704
-0.851971
-0.619689
0.155165
0.729951
0.760506
0.094196
-0.605492
-0.883967
-0.383948
0.361073
0.848851
0.542832
-0.181540
-0.829015
-0.720096
-0.063968
0.692757
0.766801
0.207736
-0.613712
-0.846577
-0.396904
0.454274
0.817761
0.476849
-0.379712
-0.845752
-0.603669
0.244060
0.787191
0.627882
-0.205451
-0.803832
-0.707512
0.112658
0.748010
0.692757
-0.120313
-0.777074
-0.739737
0.075226
0.739252
0.695905
-0.131011
-0.787989
-0.714162
0.133954
0.767746
0.638745
-0.236968
-0.828038
-0.619629
0.284991
0.809187
0.498955
-0.428320
-0.856294
-0.425922
0.507660
0.805404
0.244060
-0.667164
-0.798127
-0.106891
0.739773
0.669103
-0.133954
-0.861031
-0.562231
0.312790
0.856277
0.320136
-0.562231
-0.857193
-0.101982
0.699375
0.692757
-0.226463
-0.842119
-0.509603
0.476849
0.801488
0.165735
-0.753309
-0.705186
0.149757
0.845752
0.396382
-0.529070
-0.857182
-0.059136
0.739291
0.609284
-0.389496
-0.854250
-0.275951
0.692757
0.669125
-0.218159
-0.891890
-0.345007
0.590456
0.752954
-0.184236
-0.846577
-0.425889
0.605492
0.724015
-0.139265
-0.885897
-0.369453
0.590461
0.739773
-0.236924
-0.854926
-0.327127
0.692757
0.637448
-0.320219
-0.889601
-0.139265
0.739308
0.549957
-0.529602
-0.803832
0.043595
0.845752
0.300514
-0.679889
-0.707444
0.359717
0.801516
0.032274
-0.863913
-0.407800
0.604881
0.692757
-0.379632
-0.840102
-0.053116
0.834482
0.320175
-0.689581
-0.672566
0.440512
0.766895
-0.133954
-0.894231
-0.181540
0.752280
0.463359
-0.667112
-0.679889
0.361181
0.812706
-0.173597
-0.856294
-0.170939
0.816031
0.339612
-0.705186
-0.619565
0.541666
0.692502
-0.345007
-0.860228
0.133954
0.817519
0.075226
-0.876538
-0.269721
0.739330
0.440512
-0.722264
-0.582240
0.528979
0.692757
-0.475352
-0.772492
0.263115
0.823779
-0.205359
-0.850200
0.000690
0.856024
0.040943
-0.845752
-0.223784
0.823779
0.240340
-0.794166
-0.396796
0.760506
0.387127
-0.725862
-0.518495
0.692757
0.485467
-0.663203
-0.595438
0.638745
0.542957
-0.620516
-0.635167
0.609284
0.566245
-0.605492
-0.642834
0.609284
0.558578
-0.620516
-0.619546
0.638745
0.518849
-0.663203
-0.562057
0.692757
0.441905
-0.725862
-0.463716
0.760506
0.320207
-0.794166
-0.316929
0.823779
0.147194
-0.845752
-0.117532
0.856024
-0.077279
-0.850200
0.128770
0.823779
-0.339704
-0.772492
0.398763
0.692757
-0.605569
-0.582240
0.645675
0.440512
-0.815919
-0.269721
0.799949
0.075226
-0.894108
0.133954
0.783639
-0.345007
-0.769091
0.541666
0.542976
-0.705186
-0.416201
0.816031
0.094350
-0.856294
0.097008
0.812706
-0.437770
-0.679889
0.590523
0.463359
-0.828869
-0.181540
0.817642
-0.133954
-0.843485
0.440512
0.595977
-0.689581
-0.396765
0.834482
-0.023473
-0.840102
0.303043
0.692757
-0.681471
-0.407800
0.787324
0.032274
-0.878105
0.359717
0.630855
-0.679889
-0.377103
0.845752
-0.120185
-0.803832
0.453012
0.549957
-0.815897
-0.139265
0.813011
-0.320219
-0.714037
0.692757
0.250537
-0.854926
0.160335
0.739773
-0.667050
-0.369453
0.809308
-0.139265
-0.800604
0.605492
0.349300
-0.846577
0.107647
0.752954
-0.667045
-0.345007
0.815301
-0.218159
-0.745714
0.692757
0.199361
-0.854250
0.312907
0.609284
-0.815881
-0.059136
0.780593
-0.529070
-0.472971
0.845752
-0.226346
-0.705186
0.676720
0.165735
-0.878077
0.476849
0.433014
-0.842119
0.149874
0.692757
-0.775964
-0.101982
0.780604
-0.562231
-0.396725
0.856277
-0.389379
-0.562231
0.784442
-0.133954
-0.745692
0.739773
0.030302
-0.798127
0.590575
0.244060
-0.881994
0.507660
0.349332
-0.856294
0.351731
0.498955
-0.885776
0.284991
0.543040
-0.828038
0.160378
0.638745
-0.844335
0.133954
0.637572
-0.787989
0.054422
0.695905
-0.815842
0.075226
0.663148
-0.777074
0.043724
0.692757
-0.824599
0.112658
0.630923
-0.803832
0.128861
0.627882
-0.863780
0.244060
0.527079
-0.845752
0.303123
0.476849
-0.894351
0.454274
0.320314
-0.846577
0.537122
0.207736
-0.843391
0.692757
-0.012621
-0.720096
0.752426
-0.181540
-0.619422
0.848851
-0.437662
-0.383948
0.807378
-0.605492
-0.170785
0.760506
-0.806540
0.155165
0.543100
-0.851971
0.408115
0.310214
-0.860065
0.692757
-0.066385
-0.656344
0.800089
-0.383948
-0.396632
0.830714
-0.722090
0.032274
0.603297
-0.845752
0.398921
0.284991
-0.839611
0.747770
-0.205172
-0.529070
0.817293
-0.590084
-0.117354
0.692757
-0.874068
0.417230
0.240542
-0.787989
0.739543
-0.259487
-0.463516
0.834482
-0.747064
0.133954
0.485686
-0.851971
0.612183
-0.048397
-0.619322
0.856024
-0.652054
0.005380
0.566483
-0.856294
0.568391
-0.005380
-0.634916
0.856024
-0.666835
0.048397
0.519109
-0.851971
0.639404
-0.133954
-0.518214
0.834482
-0.781147
0.259487
0.320493
-0.787989
0.771696
-0.417230
-0.223469
0.692757
-0.890598
0.590084
-0.076963
-0.529070
0.801880
-0.747770
0.263468
0.284991
-0.774305
0.845752
-0.605218
0.032274
0.477290
-0.830714
0.739727
-0.383948
-0.212862
0.656344
-0.893717
0.692757
-0.278066
-0.310214
0.692949
-0.851971
0.590946
-0.155165
-0.415762
0.760506
-0.883784
0.605492
-0.173091
-0.383948
0.719599
-0.848851
0.591019
-0.181540
-0.366693
0.720096
-0.893657
0.692757
-0.329051
-0.207736
0.596539
-0.846577
0.739950
-0.454274
-0.052462
0.476849
-0.822979
0.845752
-0.680829
0.244060
0.189649
-0.627882
0.802264
-0.803832
0.496790
-0.112658
-0.376365
0.692757
-0.889863
0.777074
-0.528740
0.075226
0.321059
-0.695905
0.813865
-0.787989
0.488520
-0.133954
-0.326129
0.638745
-0.870247
0.828038
-0.666056
0.284991
0.084766
-0.498955
0.725177
-0.856294
0.726444
-0.507660
0.108816
0.244060
-0.618283
0.798127
-0.890524
0.739773
-0.519340
0.133954
0.200747
-0.562231
0.744186
-0.856277
0.740910
-0.562231
0.213842
0.101982
-0.471312
0.692757
-0.871878
0.842119
-0.751372
0.476849
-0.203378
-0.165735
0.435022
-0.705186
0.799255
-0.845752
0.701720
-0.529070
0.214605
0.059136
-0.394264
0.609284
-0.816615
0.854250
-0.858156
0.692757
-0.517753
0.218159
0.033360
-0.345007
0.546268
-0.752954
0.808982
-0.846577
0.728990
-0.605492
0.355590
-0.139265
-0.156099
0.369453
-0.615104
0.739773
-0.866512
0.854926
-0.839379
0.692757
-0.558806
0.320219
-0.125175
-0.139265
0.326351
-0.549957
0.669644
-0.803832
0.821143
-0.845752
0.755706
-0.679889
0.504226
-0.359717
0.137578
0.032274
-0.256022
0.407800
-0.593260
0.692757
-0.812462
0.840102
-0.882338
0.834482
-0.802744
0.689581
-0.599220
0.440512
-0.313916
0.133954
0.004445
-0.181540
0.309491
-0.463359
0.563686
-0.679889
0.741935
-0.812706
0.832468
-0.856294
0.835588
-0.816031
0.761072
-0.705186
0.624966
-0.541666
0.446400
-0.345007
0.244852
-0.133954
0.038080
0.075226
-0.159191
0.269721
-0.335916
0.440512
-0.484805
0.582240
-0.602011
0.692757
-0.686568
0.772492
-0.739723
0.823779
-0.764256
0.850200
-0.763870
0.856024
-0.742670
0.845752
-0.704766
0.823779
-0.653994
0.794166
-0.593732
0.760506
-0.526812
0.725862
-0.455487
0.692757
-0.381460
0.663203
-0.305934
0.638745
-0.229689
0.620516
-0.153173
0.609284
-0.076589
0.605492
0.000000
0.609284
0.076583
0.620516
0.153100
0.638745
0.229345
0.663203
0.304871
0.692757
0.378898
0.725862
0.450222
0.760506
0.517143
0.794166
0.577404
0.823779
0.628177
0.845752
0.666080
0.856024
0.687281
0.850200
0.687667
0.823779
0.663133
0.772492
0.609979
0.692757
0.525422
0.582240
0.408216
0.440512
0.259327
0.269721
0.082602
0.075226
-0.114670
-0.133954
-0.321441
-0.345007
-0.522990
-0.541666
-0.701555
-0.705186
-0.837661
-0.816031
-0.912178
-0.856294
-0.909058
-0.812706
-0.818525
-0.679889
-0.640275
-0.463359
-0.386080
-0.181540
-0.081035
0.133954
0.237327
0.440512
0.522630
0.689581
0.726155
0.834482
0.805749
0.840102
0.735873
0.692757
0.516671
0.407800
0.179432
0.032274
-0.214168
-0.359717
-0.580815
-0.679889
-0.832295
-0.845752
-0.897732
-0.803832
-0.746234
-0.549957
-0.402941
-0.139265
0.048585
0.320219
0.482217
0.692757
0.762789
0.854926
0.789923
0.739773
0.538514
0.369453
0.079509
-0.139265
-0.432179
-0.605492
-0.805580
-0.846577
-0.885571
-0.752954
-0.622857
-0.345007
-0.109949
0.218159
0.441164
0.692757
0.781567
0.854250
0.740025
0.609284
0.317675
0.059136
-0.291194
-0.529070
-0.778309
-0.845752
-0.875844
-0.705186
-0.511612
-0.165735
0.126789
0.476849
0.674783
0.842119
0.795289
0.692757
0.394723
0.101982
-0.290432
-0.562231
-0.817499
-0.856277
-0.820776
-0.562231
-0.277336
0.133954
0.442751
0.739773
0.813935
0.798127
0.541694
0.244060
-0.185405
-0.507660
-0.803034
-0.856294
-0.801767
-0.498955
-0.161355
0.284991
0.589467
0.828038
0.793657
0.638745
0.249540
-0.133954
-0.565109
-0.787989
-0.890454
-0.695905
-0.397648
0.075226
0.452151
0.777074
0.813274
0.692757
0.299776
-0.112658
-0.573379
-0.803832
-0.878853
-0.627882
-0.266238
0.244060
0.604239
0.845752
0.746390
0.476849
-0.024127
-0.454274
-0.816539
-0.846577
-0.673128
-0.207736
0.252461
0.692757
0.817068
0.720096
0.290104
-0.181540
-0.667608
-0.848851
-0.796188
-0.383948
0.096501
0.605492
0.807195
0.760506
0.339173
-0.155165
-0.667535
-0.851971
-0.769539
-0.310214
0.201477
0.692757
0.817127
0.656344
0.136273
-0.383948
-0.816316
-0.830714
-0.553879
0.032274
0.528628
0.845752
0.697716
0.284991
-0.340058
-0.747770
-0.878469
-0.529070
0.000374
0.590084
0.814009
0.692757
0.146880
-0.417230
-0.848285
-0.787989
-0.397082
0.259487
0.704558
0.834482
0.441624
-0.133954
-0.715993
-0.851971
-0.595698
0.048397
0.590245
0.856024
0.558327
-0.005380
-0.644980
-0.856294
-0.643072
0.005380
0.575464
0.856024
0.542733
-0.048397
-0.688772
-0.851971
-0.562275
0.133954
0.670475
0.834482
0.386927
-0.259487
-0.816133
-0.787989
-0.317131
0.417230
0.797479
0.692757
0.040764
-0.590084
-0.893883
-0.529070
0.128582
0.747770
0.763022
0.284991
-0.475511
-0.845752
-0.679886
0.032274
0.645500
0.830714
0.320043
-0.383948
-0.876678
-0.656344
-0.010205
0.692757
0.783475
0.310214
-0.484704
-0.851971
-0.619689
0.155165
0.729951
0.760506
0.094196
-0.605492
-0.883967
-0.383948
0.361073
0.848851
0.542832
-0.181540
-0.829015
-0.720096
-0.063968
0.692757
0.766801
0.207736
-0.613712
-0.846577
-0.396904
0.454274
0.817761
0.476849
-0.379712
-0.845752
-0.603669
0.244060
0.787191
0.627882
-0.205451
-0.803832
-0.707512
0.112658
0.748010
0.692757
-0.120313
-0.777074
-0.739737
0.075226
0.739252
0.695905
-0.131011
-0.787989
-0.714162
0.133954
0.767746
0.638745
-0.236968
-0.828038
-0.619629
0.284991
0.809187
0.498955
-0.428320
-0.856294
-0.425922
0.507660
0.805404
0.244060
-0.667164
-0.798127
-0.106891
0.739773
0.669103
-0.133954
-0.861031
-0.562231
0.312790
0.856277
0.320136
-0.562231
-0.857193
-0.101982
0.699375
0.692757
-0.226463
-0.842119
-0.509603
0.476849
0.801488
0.165735
-0.753309
-0.705186
0.149757
0.845752
0.396382
-0.529070
-0.857182
-0.059136
0.739291
0.609284
-0.389496
-0.854250
-0.275951
0.692757
0.669125
-0.218159
-0.891890
-0.345007
0.590456
0.752954
-0.184236
-0.846577
-0.425889
0.605492
0.724015
-0.139265
-0.885897
-0.369453
0.590461
0.739773
-0.236924
-0.854926
-0.327127
0.692757
0.637448
-0.320219
-0.889601
-0.139265
0.739308
0.549957
-0.529602
-0.803832
0.043595
0.845752
0.300514
-0.679889
-0.707444
0.359717
0.801516
0.032274
-0.863913
-0.407800
0.604881
0.692757
-0.379632
-0.840102
-0.053116
0.834482
0.320175
-0.689581
-0.672566
0.440512
0.766895
-0.133954
-0.894231
-0.181540
0.752280
0.463359
-0.667112
-0.679889
0.361181
0.812706
-0.173597
-0.856294
-0.170939
0.816031
0.339612
-0.705186
-0.619565
0.541666
0.692502
-0.345007
-0.860228
0.133954
0.817519
0.075226
-0.876538
-0.269721
0.739330
0.440512
-0.722264
-0.582240
0.528979
0.692757
-0.475352
-0.772492
0.263115
0.823779
-0.205359
-0.850200
0.000690
0.856024
0.040943
-0.845752
-0.223784
0.823779
0.240340
-0.794166
-0.396796
0.760506
0.387127
-0.725862
-0.518495
0.692757
0.485467
-0.663203
-0.595438
0.638745
0.542957
-0.620516
-0.635167
0.609284
0.566245
-0.605492
-0.642834
0.609284
0.558578
-0.620516
-0.619546
0.638745
0.518849
-0.663203
-0.562057
0.692757
0.441905
-0.725862
-0.463716
0.760506
0.320207
-0.794166
-0.316929
0.823779
0.147194
-0.845752
-0.117532
0.856024
-0.077279
-0.850200
0.128770
0.823779
-0.339704
-0.772492
0.398763
0.692757
-0.605569
-0.582240
0.645675
0.440512
-0.815919
-0.269721
0.799949
0.075226
-0.894108
0.133954
0.783639
-0.345007
-0.769091
0.541666
0.542976
-0.705186
-0.416201
0.816031
0.094350
-0.856294
0.097008
0.812706
-0.437770
-0.679889
0.590523
0.463359
-0.828869
-0.181540
0.817642
-0.133954
-0.843485
0.440512
0.595977
-0.689581
-0.396765
0.834482
-0.023473
-0.840102
0.303043
0.692757
-0.681471
-0.407800
0.787324
0.032274
-0.878105
0.359717
0.630855
-0.679889
-0.377103
0.845752
-0.120185
-0.803832
0.453012
0.549957
-0.815897
-0.139265
0.813011
-0.320219
-0.714037
0.692757
0.250537
-0.854926
0.160335
0.739773
-0.667050
-0.369453
0.809308
-0.139265
-0.800604
0.605492
0.349300
-0.846577
0.107647
0.752954
-0.667045
-0.345007
0.815301
-0.218159
-0.745714
0.692757
0.199361
-0.854250
0.312907
0.609284
-0.815881
-0.059136
0.780593
-0.529070
-0.472971
0.845752
-0.226346
-0.705186
0.676720
0.165735
-0.878077
0.476849
0.433014
-0.842119
0.149874
0.692757
-0.775964
-0.101982
0.780604
-0.562231
-0.396725
0.856277
-0.389379
-0.562231
0.784442
-0.133954
-0.745692
0.739773
0.030302
-0.798127
0.590575
0.244060
-0.881994
0.507660
0.349332
-0.856294
0.351731
0.498955
-0.885776
0.284991
0.543040
-0.828038
0.160378
0.638745
-0.844335
0.133954
0.637572
-0.787989
0.054422
0.695905
-0.815842
0.075226
0.663148
-0.777074
0.043724
0.692757
-0.824599
0.112658
0.630923
-0.803832
0.128861
0.627882
-0.863780
0.244060
0.527079
-0.845752
0.303123
0.476849
-0.894351
0.454274
0.320314
-0.846577
0.537122
0.207736
-0.843391
0.692757
-0.012621
-0.720096
0.752426
-0.181540
-0.619422
0.848851
-0.437662
-0.383948
0.807378
-0.605492
-0.170785
0.760506
-0.806540
0.155165
0.543100
-0.851971
0.408115
0.310214
-0.860065
0.692757
-0.066385
-0.656344
0.800089
-0.383948
-0.396632
0.830714
-0.722090
0.032274
0.603297
-0.845752
0.398921
0.284991
-0.839611
0.747770
-0.205172
-0.529070
0.817293
-0.590084
-0.117354
0.692757
-0.874068
0.417230
0.240542
-0.787989
0.739543
-0.259487
-0.463516
0.834482
-0.747064
0.133954
0.485686
-0.851971
0.612183
-0.048397
-0.619322
0.856024
-0.652054
0.005380
0.566483
-0.856294
0.568391
-0.005380
-0.634916
0.856024
-0.666835
0.048397
0.519109
-0.851971
0.639404
-0.133954
-0.518214
0.834482
-0.781147
0.259487
0.320493
-0.787989
0.771696
-0.417230
-0.223469
0.692757
-0.890598
0.590084
-0.076963
-0.529070
0.801880
-0.747770
0.263468
0.284991
-0.774305
0.845752
-0.605218
0.032274
0.477290
-0.830714
0.739727
-0.383948
-0.212862
0.656344
-0.893717
0.692757
-0.278066
-0.310214
0.692949
-0.851971
0.590946
-0.155165
-0.415762
0.760506
-0.883784
0.605492
-0.173091
-0.383948
0.719599
-0.848851
0.591019
-0.181540
-0.366693
0.720096
-0.893657
0.692757
-0.329051
-0.207736
0.596539
-0.846577
0.739950
-0.454274
-0.052462
0.476849
-0.822979
0.845752
-0.680829
0.244060
0.189649
-0.627882
0.802264
-0.803832
0.496790
-0.112658
-0.376365
0.692757
-0.889863
0.777074
-0.528740
0.075226
0.321059
-0.695905
0.813865
-0.787989
0.488520
-0.133954
-0.326129
0.638745
-0.870247
0.828038
-0.666056
0.284991
0.084766
-0.498955
0.725177
-0.856294
0.726444
-0.507660
0.108816
0.244060
-0.618283
0.798127
-0.890524
0.739773
-0.519340
0.133954
0.200747
-0.562231
0.744186
-0.856277
0.740910
-0.562231
0.213842
0.101982
-0.471312
0.692757
-0.871878
0.842119
-0.751372
0.476849
-0.203378
-0.165735
0.435022
-0.705186
0.799255
-0.845752
0.701720
-0.529070
0.214605
0.059136
-0.394264
0.609284
-0.816615
0.854250
-0.858156
0.692757
-0.517753
0.218159
0.033360
-0.345007
0.546268
-0.752954
0.808982
-0.846577
0.728990
-0.605492
0.355590
-0.139265
-0.156099
0.369453
-0.615104
0.739773
-0.866512
0.854926
-0.839379
0.692757
-0.558806
0.320219
-0.125175
-0.139265
0.326351
-0.549957
0.669644
-0.803832
0.821143
-0.845752
0.755706
-0.679889
0.504226
-0.359717
0.137578
0.032274
-0.256022
0.407800
-0.593260
0.692757
-0.812462
0.840102
-0.882338
0.834482
-0.802744
0.689581
-0.599220
0.440512
-0.313916
0.133954
0.004445
-0.181540
0.309491
-0.463359
0.563686
-0.679889
0.741935
-0.812706
0.832468
-0.856294
0.835588
-0.816031
0.761072
-0.705186
0.624966
-0.541666
0.446400
-0.345007
0.244852
-0.133954
0.038080
0.075226
-0.159191
0.269721
-0.335916
0.440512
-0.484805
0.582240
-0.602011
0.692757
-0.686568
0.772492
-0.739723
0.823779
-0.764256
0.850200
-0.763870
0.856024
-0.742670
0.845752
-0.704766
0.823779
-0.653994
0.794166
-0.593732
0.760506
-0.526812
0.725862
-0.455487
0.692757
-0.381460
0.663203
-0.305934
0.638745
-0.229689
0.620516
-0.153173
0.609284
-0.076589
0.605492
0.000000
0.609284
0.076583
0.620516
0.153100
0.638745
0.229345
0.663203
0.304871
0.692757
0.378898
0.725862
0.450222
0.760506
0.517143
0.794166
0.577404
0.823779
0.628177
0.845752
0.666080
0.856024
0.687281
0.850200
0.687667
0.823779
0.663133
0.772492
0.609979
0.692757
0.525422
0.582240
0.408216
0.440512
0.259327
0.269721
0.082602
0.075226
-0.114670
-0.133954
-0.321441
-0.345007
-0.522990
-0.541666
-0.701555
-0.705186
-0.837661
-0.816031
-0.912178
-0.856294
-0.909058
-0.812706
-0.818525
-0.679889
-0.640275
-0.463359
-0.386080
-0.181540
-0.081035
0.133954
0.237327
0.440512
0.522630
0.689581
0.726155
0.834482
0.805749
0.840102
0.735873
0.692757
0.516671
0.407800
0.179432
0.032274
-0.214168
-0.359717
-0.580815
-0.679889
-0.832295
-0.845752
-0.897732
-0.803832
-0.746234
-0.549957
-0.402941
-0.139265
0.048585
0.320219
0.482217
0.692757
0.762789
0.854926
0.789923
0.739773
0.538514
0.369453
0.079509
-0.139265
-0.432179
-0.605492
-0.805580
-0.846577
-0.885571
-0.752954
-0.622857
-0.345007
-0.109949
0.218159
0.441164
0.692757
0.781567
0.854250
0.740025
0.609284
0.317675
0.059136
-0.291194
-0.529070
-0.778309
-0.845752
-0.875844
-0.705186
-0.511612
-0.165735
0.126789
0.476849
0.674783
0.842119
0.795289
0.692757
0.394723
0.101982
-0.290432
-0.562231
-0.817499
-0.856277
-0.820776
-0.562231
-0.277336
0.133954
0.442751
0.739773
0.813935
0.798127
0.541694
0.244060
-0.185405
-0.507660
-0.803034
-0.856294
-0.801767
-0.498955
-0.161355
0.284991
0.589467
0.828038
0.793657
0.638745
0.249540
-0.133954
-0.565109
-0.787989
-0.890454
-0.695905
-0.397648
0.075226
0.452151
0.777074
0.813274
0.692757
0.299776
-0.112658
-0.573379
-0.803832
-0.878853
-0.627882
-0.266238
0.244060
0.604239
0.845752
0.746390
0.476849
-0.024127
-0.454274
-0.816539
-0.846577
-0.673128
-0.207736
0.252461
0.692757
0.817068
0.720096
0.290104
-0.181540
-0.667608
-0.848851
-0.796188
-0.383948
0.096501
0.605492
0.807195
0.760506
0.339173
-0.155165
-0.667535
-0.851971
-0.769539
-0.310214
0.201477
0.692757
0.817127
0.656344
0.136273
-0.383948
-0.816316
-0.830714
-0.553879
0.032274
0.528628
0.845752
0.697716
0.284991
-0.340058
-0.747770
-0.878469
-0.529070
0.000374
0.590084
0.814009
0.692757
0.146880
-0.417230
-0.848285
-0.787989
-0.397082
0.259487
0.704558
0.834482
0.441624
-0.133954
-0.715993
-0.851971
-0.595698
0.048397
0.590245
0.856024
0.558327
-0.005380
-0.644980
-0.856294
-0.643072
0.005380
0.575464
0.856024
0.542733
-0.048397
-0.688772
-0.851971
-0.562275
0.133954
0.670475
0.834482
0.386927
-0.259487
-0.816133
-0.787989
-0.317131
0.417230
0.797479
0.692757
0.040764
-0.590084
-0.893883
-0.529070
0.128582
0.747770
0.763022
0.284991
-0.475511
-0.845752
-0.679886
0.032274
0.645500
0.830714
0.320043
-0.383948
-0.876678
-0.656344
-0.010205
0.692757
0.783475
0.310214
-0.484704
-0.851971
-0.619689
0.155165
0.729951
0.760506
0.094196
-0.605492
-0.883967
-0.383948
0.361073
0.848851
0.542832
-0.181540
-0.829015
-0.720096
-0.063968
0.692757
0.766801
0.207736
-0.613712
-0.846577
-0.396904
0.454274
0.817761
0.476849
-0.379712
-0.845752
-0.603669
0.244060
0.787191
0.627882
-0.205451
-0.803832
-0.707512
0.112658
0.748010
0.692757
-0.120313
-0.777074
-0.739737
0.075226
0.739252
0.695905
-0.131011
-0.787989
-0.714162
0.133954
0.767746
0.638745
-0.236968
-0.828038
-0.619629
0.284991
0.809187
0.498955
-0.428320
-0.856294
-0.425922
0.507660
0.805404
0.244060
-0.667164
-0.798127
-0.106891
0.739773
0.669103
-0.133954
-0.861031
-0.562231
0.312790
0.856277
0.320136
-0.562231
-0.857193
-0.101982
0.699375
0.692757
-0.226463
-0.842119
-0.509603
0.476849
0.801488
0.165735
-0.753309
-0.705186
0.149757
0.845752
0.396382
-0.529070
-0.857182
-0.059136
0.739291
0.609284
-0.389496
-0.854250
-0.275951
0.692757
0.669125
-0.218159
-0.891890
-0.345007
0.590456
0.752954
-0.184236
-0.846577
-0.425889
0.605492
0.724015
-0.139265
-0.885897
-0.369453
0.590461
0.739773
-0.236924
-0.854926
-0.327127
0.692757
0.637448
-0.320219
-0.889601
-0.139265
0.739308
0.549957
-0.529602
-0.803832
0.043595
0.845752
0.300514
-0.679889
-0.707444
0.359717
0.801516
0.032274
-0.863913
-0.407800
0.604881
0.692757
-0.379632
-0.840102
-0.053116
0.834482
0.320175
-0.689581
-0.672566
0.440512
0.766895
-0.133954
-0.894231
-0.181540
0.752280
0.463359
-0.667112
-0.679889
0.361181
0.812706
-0.173597
-0.856294
-0.170939
0.816031
0.339612
-0.705186
-0.619565
0.541666
0.692502
-0.345007
-0.860228
0.133954
0.817519
0.075226
-0.876538
-0.269721
0.739330
0.440512
-0.722264
-0.582240
0.528979
0.692757
-0.475352
-0.772492
0.263115
0.823779
-0.205359
-0.850200
0.000690
0.856024
0.040943
-0.845752
-0.223784
0.823779
0.240340
-0.794166
-0.396796
0.760506
0.387127
-0.725862
-0.518495
0.692757
0.485467
-0.663203
-0.595438
0.638745
0.542957
-0.620516
-0.635167
0.609284
0.566245
-0.605492
-0.642834
0.609284
0.558578
-0.620516
-0.619546
0.638745
0.518849
-0.663203
-0.562057
0.692757
0.441905
-0.725862
-0.463716
0.760506
0.320207
-0.794166
-0.316929
0.823779
0.147194
-0.845752
-0.117532
0.856024
-0.077279
-0.850200
0.128770
0.823779
-0.339704
-0.772492
0.398763
0.692757
-0.605569
-0.582240
0.645675
0.440512
-0.815919
-0.269721
0.799949
0.075226
-0.894108
0.133954
0.783639
-0.345007
-0.769091
0.541666
0.542976
-0.705186
-0.416201
0.816031
0.094350
-0.856294
0.097008
0.812706
-0.437770
-0.679889
0.590523
0.463359
-0.828869
-0.181540
0.817642
-0.133954
-0.843485
0.440512
0.595977
-0.689581
-0.396765
0.834482
-0.023473
-0.840102
0.303043
0.692757
-0.681471
-0.407800
0.787324
0.032274
-0.878105
0.359717
0.630855
-0.679889
-0.377103
0.845752
-0.120185
-0.803832
0.453012
0.549957
-0.815897
-0.139265
0.813011
-0.320219
-0.714037
0.692757
0.250537
-0.854926
0.160335
0.739773
-0.667050
-0.369453
0.809308
-0.139265
-0.800604
0.605492
0.349300
-0.846577
0.107647
0.752954
-0.667045
-0.345007
0.815301
-0.218159
-0.745714
0.692757
0.199361
-0.854250
0.312907
0.609284
-0.815881
-0.059136
0.780593
-0.529070
-0.472971
0.845752
-0.226346
-0.705186
0.676720
0.165735
-0.878077
0.476849
0.433014
-0.842119
0.149874
0.692757
-0.775964
-0.101982
0.780604
-0.562231
-0.396725
0.856277
-0.389379
-0.562231
0.784442
-0.133954
-0.745692
0.739773
0.030302
-0.798127
0.590575
0.244060
-0.881994
0.507660
0.349332
-0.856294
0.351731
0.498955
-0.885776
0.284991
0.543040
-0.828038
0.160378
0.638745
-0.844335
0.133954
0.637572
-0.787989
0.054422
0.695905
-0.815842
0.075226
0.663148
-0.777074
0.043724
0.692757
-0.824599
0.112658
0.630923
-0.803832
0.128861
0.627882
-0.863780
0.244060
0.527079
-0.845752
0.303123
0.476849
-0.894351
0.454274
0.320314
-0.846577
0.537122
0.207736
-0.843391
0.692757
-0.012621
-0.720096
0.752426
-0.181540
-0.619422
0.848851
-0.437662
-0.383948
0.807378
-0.605492
-0.170785
0.760506
-0.806540
0.155165
0.543100
-0.851971
0.408115
0.310214
-0.860065
0.692757
-0.066385
-0.656344
0.800089
-0.383948
-0.396632
0.830714
-0.722090
0.032274
0.603297
-0.845752
0.398921
0.284991
-0.839611
0.747770
-0.205172
-0.529070
0.817293
-0.590084
-0.117354
0.692757
-0.874068
0.417230
0.240542
-0.787989
0.739543
-0.259487
-0.463516
0.834482
-0.747064
0.133954
0.485686
-0.851971
0.612183
-0.048397
-0.619322
0.856024
-0.652054
0.005380
0.566483
-0.856294
0.568391
-0.005380
-0.634916
0.856024
-0.666835
0.048397
0.519109
-0.851971
0.639404
-0.133954
-0.518214
0.834482
-0.781147
0.259487
0.320493
-0.787989
0.771696
-0.417230
-0.223469
0.692757
-0.890598
0.590084
-0.076963
-0.529070
0.801880
-0.747770
0.263468
0.284991
-0.774305
0.845752
-0.605218
0.032274
0.477290
-0.830714
0.739727
-0.383948
-0.212862
0.656344
-0.893717
0.692757
-0.278066
-0.310214
0.692949
-0.851971
0.590946
-0.155165
-0.415762
0.760506
-0.883784
0.605492
-0.173091
-0.383948
0.719599
-0.848851
0.591019
-0.181540
-0.366693
0.720096
-0.893657
0.692757
-0.329051
-0.207736
0.596539
-0.846577
0.739950
-0.454274
-0.052462
0.476849
-0.822979
0.845752
-0.680829
0.244060
0.189649
-0.627882
0.802264
-0.803832
0.496790
-0.112658
-0.376365
0.692757
-0.889863
0.777074
-0.528740
0.075226
0.321059
-0.695905
0.813865
-0.787989
0.488520
-0.133954
-0.326129
0.638745
-0.870247
0.828038
-0.666056
0.284991
0.084766
-0.498955
0.725177
-0.856294
0.726444
-0.507660
0.108816
0.244060
-0.618283
0.798127
-0.890524
0.739773
-0.519340
0.133954
0.200747
-0.562231
0.744186
-0.856277
0.740910
-0.562231
0.213842
0.101982
-0.471312
0.692757
-0.871878
0.842119
-0.751372
0.476849
-0.203378
-0.165735
0.435022
-0.705186
0.799255
-0.845752
0.701720
-0.529070
0.214605
0.059136
-0.394264
0.609284
-0.816615
0.854250
-0.858156
0.692757
-0.517753
0.218159
0.033360
-0.345007
0.546268
-0.752954
0.808982
-0.846577
0.728990
-0.605492
0.355590
-0.139265
-0.156099
0.369453
-0.615104
0.739773
-0.866512
0.854926
-0.839379
0.692757
-0.558806
0.320219
-0.125175
-0.139265
0.326351
-0.549957
0.669644
-0.803832
0.821143
-0.845752
0.755706
-0.679889
0.504226
-0.359717
0.137578
0.032274
-0.256022
0.407800
-0.593260
0.692757
-0.812462
0.840102
-0.882338
0.834482
-0.802744
0.689581
-0.599220
0.440512
-0.313916
0.133954
0.004445
-0.181540
0.309491
-0.463359
0.563686
-0.679889
0.741935
-0.812706
0.832468
-0.856294
0.835588
-0.816031
0.761072
-0.705186
0.624966
-0.541666
0.446400
-0.345007
0.244852
-0.133954
0.038080
0.075226
-0.159191
0.269721
-0.335916
0.440512
-0.484805
0.582240
-0.602011
0.692757
-0.686568
0.772492
-0.739723
0.823779
-0.764256
0.850200
-0.763870
0.856024
-0.742670
0.845752
-0.704766
0.823779
-0.653994
0.794166
-0.593732
0.760506
-0.526812
0.725862
-0.455487
0.692757
-0.381460
0.663203
-0.305934
0.638745
-0.229689
0.620516
-0.153173
0.609284
-0.076589
0.605492
0.000000
0.609284
0.076583
0.620516
0.153100
0.638745
0.229345
0.663203
0.304871
0.692757
0.378898
0.725862
0.450222
0.760506
0.517143
0.794166
0.577404
0.823779
0.628177
0.845752
0.666080
0.856024
0.687281
0.850200
0.687667
0.823779
0.663133
0.772492
0.609979
0.692757
0.525422
0.582240
0.408216
0.440512
0.259327
0.269721
0.082602
0.075226
-0.114670
-0.133954
-0.321441
-0.345007
-0.522990
-0.541666
-0.701555
-0.705186
-0.837661
-0.816031
-0.912178
-0.856294
-0.909058
-0.812706
-0.818525
-0.679889
-0.640275
-0.463359
-0.386080
-0.181540
-0.081035
0.133954
0.237327
0.440512
0.522630
0.689581
0.726155
0.834482
0.805749
0.840102
0.735873
0.692757
0.516671
0.407800
0.179432
0.032274
-0.214168
-0.359717
-0.580815
-0.679889
-0.832295
-0.845752
-0.897732
-0.803832
-0.746234
-0.549957
-0.402941
-0.139265
0.048585
0.320219
0.482217
0.692757
0.762789
0.854926
0.789923
0.739773
0.538514
0.369453
0.079509
-0.139265
-0.432179
-0.605492
-0.805580
-0.846577
-0.885571
-0.752954
-0.622857
-0.345007
-0.109949
0.218159
0.441164
0.692757
0.781567
0.854250
0.740025
0.609284
0.317675
0.059136
-0.291194
-0.529070
-0.778309
-0.845752
-0.875844
-0.705186
-0.511612
-0.165735
0.126789
0.476849
0.674783
0.842119
0.795289
0.692757
0.394723
0.101982
-0.290432
-0.562231
-0.817499
-0.856277
-0.820776
-0.562231
-0.277336
0.133954
0.442751
0.739773
0.813935
0.798127
0.541694
0.244060
-0.185405
-0.507660
-0.803034
-0.856294
-0.801767
-0.498955
-0.161355
0.284991
0.589467
0.828038
0.793657
0.638745
0.249540
-0.133954
-0.565109
-0.787989
-0.890454
-0.695905
-0.397648
0.075226
0.452151
0.777074
0.813274
0.692757
0.299776
-0.112658
-0.573379
-0.803832
-0.878853
-0.627882
-0.266238
0.244060
0.604239
0.845752
0.746390
0.476849
-0.024127
-0.454274
-0.816539
-0.846577
-0.673128
-0.207736
0.252461
0.692757
0.817068
0.720096
0.290104
-0.181540
-0.667608
-0.848851
-0.796188
-0.383948
0.096501
0.605492
0.807195
0.760506
0.339173
-0.155165
-0.667535
-0.851971
-0.769539
-0.310214
0.201477
0.692757
0.817127
0.656344
0.136273
-0.383948
-0.816316
-0.830714
-0.553879
0.032274
0.528628
0.845752
0.697716
0.284991
-0.340058
-0.747770
-0.878469
-0.529070
0.000374
0.590084
0.814009
0.692757
0.146880
-0.417230
-0.848285
-0.787989
-0.397082
0.259487
0.704558
0.834482
0.441624
-0.133954
-0.715993
-0.851971
-0.595698
0.048397
0.590245
0.856024
0.558327
-0.005380
-0.644980
-0.856294
-0.643072
0.005380
0.575464
0.856024
0.542733
-0.048397
-0.688772
-0.851971
-0.562275
0.133954
0.670475
0.834482
0.386927
-0.259487
-0.816133
-0.787989
-0.317131
0.417230
0.797479
0.692757
0.040764
-0.590084
-0.893883
-0.529070
0.128582
0.747770
0.763022
0.284991
-0.475511
-0.845752
-0.679886
0.032274
0.645500
0.830714
0.320043
-0.383948
-0.876678
-0.656344
-0.010205
0.692757
0.783475
0.310214
-0.484704
-0.851971
-0.619689
0.155165
0.729951
0.760506
0.094196
-0.605492
-0.883967
-0.383948
0.361073
0.848851
0.542832
-0.181540
-0.829015
-0.720096
-0.063968
0.692757
0.766801
0.207736
-0.613712
-0.846577
-0.396904
0.454274
0.817761
0.476849
-0.379712
-0.845752
-0.603669
0.244060
0.787191
0.627882
-0.205451
-0.803832
-0.707512
0.112658
0.748010
0.692757
-0.120313
-0.777074
-0.739737
0.075226
0.739252
0.695905
-0.131011
-0.787989
-0.714162
0.133954
0.767746
0.638745
-0.236968
-0.828038
-0.619629
0.284991
0.809187
0.498955
-0.428320
-0.856294
-0.425922
0.507660
0.805404
0.244060
-0.667164
-0.798127
-0.106891
0.739773
0.669103
-0.133954
-0.861031
-0.562231
0.312790
0.856277
0.320136
-0.562231
-0.857193
-0.101982
0.699375
0.692757
-0.226463
-0.842119
-0.509603
0.476849
0.801488
0.165735
-0.753309
-0.705186
0.149757
0.845752
0.396382
-0.529070
-0.857182
-0.059136
0.739291
0.609284
-0.389496
-0.854250
-0.275951
0.692757
0.669125
-0.218159
-0.891890
-0.345007
0.590456
0.752954
-0.184236
-0.846577
-0.425889
0.605492
0.724015
-0.139265
-0.885897
-0.369453
0.590461
0.739773
-0.236924
-0.854926
-0.327127
0.692757
0.637448
-0.320219
-0.889601
-0.139265
0.739308
0.549957
-0.529602
-0.803832
0.043595
0.845752
0.300514
-0.679889
-0.707444
0.359717
0.801516
0.032274
-0.863913
-0.407800
0.604881
0.692757
-0.379632
-0.840102
-0.053116
0.834482
0.320175
-0.689581
-0.672566
0.440512
0.766895
-0.133954
-0.894231
-0.181540
0.752280
0.463359
-0.667112
-0.679889
0.361181
0.812706
-0.173597
-0.856294
-0.170939
0.816031
0.339612
-0.705186
-0.619565
0.541666
0.692502
-0.345007
-0.860228
0.133954
0.817519
0.075226
-0.876538
-0.269721
0.739330
0.440512
-0.722264
-0.582240
0.528979
0.692757
-0.475352
-0.772492
0.263115
0.823779
-0.205359
-0.850200
0.000690
0.856024
0.040943
-0.845752
-0.223784
0.823779
0.240340
-0.794166
-0.396796
0.760506
0.387127
-0.725862
-0.518495
0.692757
0.485467
-0.663203
-0.595438
0.638745
0.542957
-0.620516
-0.635167
0.609284
0.566245
-0.605492
-0.642834
0.609284
0.558578
-0.620516
-0.619546
0.638745
0.518849
-0.663203
-0.562057
0.692757
0.441905
-0.725862
-0.463716
0.760506
0.320207
-0.794166
-0.316929
0.823779
0.147194
-0.845752
-0.117532
0.856024
-0.077279
-0.850200
0.128770
0.823779
-0.339704
-0.772492
0.398763
0.692757
-0.605569
-0.582240
0.645675
0.440512
-0.815919
-0.269721
0.799949
0.075226
-0.894108
0.133954
0.783639
-0.345007
-0.769091
0.541666
0.542976
-0.705186
-0.416201
0.816031
0.094350
-0.856294
0.097008
0.812706
-0.437770
-0.679889
0.590523
0.463359
-0.828869
-0.181540
0.817642
-0.133954
-0.843485
0.440512
0.595977
-0.689581
-0.396765
0.834482
-0.023473
-0.840102
0.303043
0.692757
-0.681471
-0.407800
0.787324
0.032274
-0.878105
0.359717
0.630855
-0.679889
-0.377103
0.845752
-0.120185
-0.803832
0.453012
0.549957
-0.815897
-0.139265
0.813011
-0.320219
-0.714037
0.692757
0.250537
-0.854926
0.160335
0.739773
-0.667050
-0.369453
0.809308
-0.139265
-0.800604
0.605492
0.349300
-0.846577
0.107647
0.752954
-0.667045
-0.345007
0.815301
-0.218159
-0.745714
0.692757
0.199361
-0.854250
0.312907
0.609284
-0.815881
-0.059136
0.780593
-0.529070
-0.472971
0.845752
-0.226346
-0.705186
0.676720
0.165735
-0.878077
0.476849
0.433014
-0.842119
0.149874
0.692757
-0.775964
-0.101982
0.780604
-0.562231
-0.396725
0.856277
-0.389379
-0.562231
0.784442
-0.133954
-0.745692
0.739773
0.030302
-0.798127
0.590575
0.244060
-0.881994
0.507660
0.349332
-0.856294
0.351731
0.498955
-0.885776
0.284991
0.543040
-0.828038
0.160378
0.638745
-0.844335
0.133954
0.637572
-0.787989
0.054422
0.695905
-0.815842
0.075226
0.663148
-0.777074
0.043724
0.692757
-0.824599
0.112658
0.630923
-0.803832
0.128861
0.627882
-0.863780
0.244060
0.527079
-0.845752
0.303123
0.476849
-0.894351
0.454274
0.320314
-0.846577
0.537122
0.207736
-0.843391
0.692757
-0.012621
-0.720096
0.752426
-0.181540
-0.619422
0.848851
-0.437662
-0.383948
0.807378
-0.605492
-0.170785
0.760506
-0.806540
0.155165
0.543100
-0.851971
0.408115
0.310214
-0.860065
0.692757
-0.066385
-0.656344
0.800089
-0.383948
-0.396632
0.830714
-0.722090
0.032274
0.603297
-0.845752
0.398921
0.284991
-0.839611
0.747770
-0.205172
-0.529070
0.817293
-0.590084
-0.117354
0.692757
-0.874068
0.417230
0.240542
-0.787989
0.739543
-0.259487
-0.463516
0.834482
-0.747064
0.133954
0.485686
-0.851971
0.612183
-0.048397
-0.619322
0.856024
-0.652054
0.005380
0.566483
-0.856294
0.568391
-0.005380
-0.634916
0.856024
-0.666835
0.048397
0.519109
-0.851971
0.639404
-0.133954
-0.518214
0.834482
-0.781147
0.259487
0.320493
-0.787989
0.771696
-0.417230
-0.223469
0.692757
-0.890598
0.590084
-0.076963
-0.529070
0.801880
-0.747770
0.263468
0.284991
-0.774305
0.845752
-0.605218
0.032274
0.477290
-0.830714
0.739727
-0.383948
-0.212862
0.656344
-0.893717
0.692757
-0.278066
-0.310214
0.692949
-0.851971
0.590946
-0.155165
-0.415762
0.760506
-0.883784
0.605492
-0.173091
-0.383948
0.719599
-0.848851
0.591019
-0.181540
-0.366693
0.720096
-0.893657
0.692757
-0.329051
-0.207736
0.596539
-0.846577
0.739950
-0.454274
-0.052462
0.476849
-0.822979
0.845752
-0.680829
0.244060
0.189649
-0.627882
0.802264
-0.803832
0.496790
-0.112658
-0.376365
0.692757
-0.889863
0.777074
-0.528740
0.075226
0.321059
-0.695905
0.813865
-0.787989
0.488520
-0.133954
-0.326129
0.638745
-0.870247
0.828038
-0.666056
0.284991
0.084766
-0.498955
0.725177
-0.856294
0.726444
-0.507660
0.108816
0.244060
-0.618283
0.798127
-0.890524
0.739773
-0.519340
0.133954
0.200747
-0.562231
0.744186
-0.856277
0.740910
-0.562231
0.213842
0.101982
-0.471312
0.692757
-0.871878
0.842119
-0.751372
0.476849
-0.203378
-0.165735
0.435022
-0.705186
0.799255
-0.845752
0.701720
-0.529070
0.214605
0.059136
-0.394264
0.609284
-0.816615
0.854250
-0.858156
0.692757
-0.517753
0.218159
0.033360
-0.345007
0.546268
-0.752954
0.808982
-0.846577
0.728990
-0.605492
0.355590
-0.139265
-0.156099
0.369453
-0.615104
0.739773
-0.866512
0.854926
-0.839379
0.692757
-0.558806
0.320219
-0.125175
-0.139265
0.326351
-0.549957
0.669644
-0.803832
0.821143
-0.845752
0.755706
-0.679889
0.504226
-0.359717
0.137578
0.032274
-0.256022
0.407800
-0.593260
0.692757
-0.812462
0.840102
-0.882338
0.834482
-0.802744
0.689581
-0.599220
0.440512
-0.313916
0.133954
0.004445
-0.181540
0.309491
-0.463359
0.563686
-0.679889
0.741935
-0.812706
0.832468
-0.856294
0.835588
-0.816031
0.761072
-0.705186
0.624966
-0.541666
0.446400
-0.345007
0.244852
-0.133954
0.038080
0.075226
-0.159191
0.269721
-0.335916
0.440512
-0.484805
0.582240
-0.602011
0.692757
-0.686568
0.772492
-0.739723
0.823779
-0.764256
0.850200
-0.763870
0.856024
-0.742670
0.845752
-0.704766
0.823779
-0.653994
0.794166
-0.593732
0.760506
-0.526812
0.725862
-0.455487
0.692757
-0.381460
0.663203
-0.305934
0.638745
-0.229689
0.620516
-0.153173
0.609284
-0.076589
0.605492
0.000000
0.609284
0.076583
0.620516
0.153100
0.638745
0.229345
0.663203
0.304871
0.692757
0.378898
0.725862
0.450222
0.760506
0.517143
0.794166
0.577404
0.823779
0.628177
0.845752
0.666080
0.856024
0.687281
0.850200
0.687667
0.823779
0.663133
0.772492
0.609979
0.692757
0.525422
0.582240
0.408216
0.440512
0.259327
0.269721
0.082602
0.075226
-0.114670
-0.133954
-0.321441
-0.345007
-0.522990
-0.541666
-0.701555
-0.705186
-0.837661
-0.816031
-0.912178
-0.856294
-0.909058
-0.812706
-0.818525
-0.679889
-0.640275
-0.463359
-0.386080
-0.181540
-0.081035
0.133954
0.237327
0.440512
0.522630
0.689581
0.726155
0.834482
0.805749
0.840102
0.735873
0.692757
0.516671
0.407800
0.179432
0.032274
-0.214168
-0.359717
-0.580815
-0.679889
-0.832295
-0.845752
-0.897732
-0.803832
-0.746234
-0.549957
-0.402941
-0.139265
0.048585
0.320219
0.482217
0.692757
0.762789
0.854926
0.789923
0.739773
0.538514
0.369453
0.079509
-0.139265
-0.432179
-0.605492
-0.805580
-0.846577
-0.885571
-0.752954
-0.622857
-0.345007
-0.109949
0.218159
0.441164
0.692757
0.781567
0.854250
0.740025
0.609284
0.317675
0.059136
-0.291194
-0.529070
-0.778309
-0.845752
-0.875844
-0.705186
-0.511612
-0.165735
0.126789
0.476849
0.674783
0.842119
0.795289
0.692757
0.394723
0.101982
-0.290432
-0.562231
-0.817499
-0.856277
-0.820776
-0.562231
-0.277336
0.133954
0.442751
0.739773
0.813935
0.798127
0.541694
0.244060
-0.185405
-0.507660
-0.803034
-0.856294
-0.801767
-0.498955
-0.161355
0.284991
0.589467
0.828038
0.793657
0.638745
0.249540
-0.133954
-0.565109
-0.787989
-0.890454
-0.695905
-0.397648
0.075226
0.452151
0.777074
0.813274
0.692757
0.299776
-0.112658
-0.573379
-0.803832
-0.878853
-0.627882
-0.266238
0.244060
0.604239
0.845752
0.746390
0.476849
-0.024127
-0.454274
-0.816539
-0.846577
-0.673128
-0.207736
0.252461
0.692757
0.817068
0.720096
0.290104
-0.181540
-0.667608
-0.848851
-0.796188
-0.383948
0.096501
0.605492
0.807195
0.760506
0.339173
-0.155165
-0.667535
-0.851971
-0.769539
-0.310214
0.201477
0.692757
0.817127
0.656344
0.136273
-0.383948
-0.816316
-0.830714
-0.553879
0.032274
0.528628
0.845752
0.697716
0.284991
-0.340058
-0.747770
-0.878469
-0.529070
0.000374
0.590084
0.814009
0.692757
0.146880
-0.417230
-0.848285
-0.787989
-0.397082
0.259487
0.704558
0.834482
0.441624
-0.133954
-0.715993
-0.851971
-0.595698
0.048397
0.590245
0.856024
0.558327
-0.005380
-0.644980
-0.856294
-0.643072
0.005380
0.575464
0.856024
0.542733
-0.048397
-0.688772
-0.851971
-0.562275
0.133954
0.670475
0.834482
0.386927
-0.259487
-0.816133
-0.787989
-0.317131
0.417230
0.797479
0.692757
0.040764
-0.590084
-0.893883
-0.529070
0.128582
0.747770
0.763022
0.284991
-0.475511
-0.845752
-0.679886
0.032274
0.645500
0.830714
0.320043
-0.383948
-0.876678
-0.656344
-0.010205
0.692757
0.783475
0.310214
-0.484704
-0.851971
-0.619689
0.155165
0.729951
0.760506
0.094196
-0.605492
-0.883967
-0.383948
0.361073
0.848851
0.542832
-0.181540
-0.829015
-0.720096
-0.063968
0.692757
0.766801
0.207736
-0.613712
-0.846577
-0.396904
0.454274
0.817761
0.476849
-0.379712
-0.845752
-0.603669
0.244060
0.787191
0.627882
-0.205451
-0.803832
-0.707512
0.112658
0.748010
0.692757
-0.120313
-0.777074
-0.739737
0.075226
0.739252
0.695905
-0.131011
-0.787989
-0.714162
0.133954
0.767746
0.638745
-0.236968
-0.828038
-0.619629
0.284991
0.809187
0.498955
-0.428320
-0.856294
-0.425922
0.507660
0.805404
0.244060
-0.667164
-0.798127
-0.106891
0.739773
0.669103
-0.133954
-0.861031
-0.562231
0.312790
0.856277
0.320136
-0.562231
-0.857193
-0.101982
0.699375
0.692757
-0.226463
-0.842119
-0.509603
0.476849
0.801488
0.165735
-0.753309
-0.705186
0.149757
0.845752
0.396382
-0.529070
-0.857182
-0.059136
0.739291
0.609284
-0.389496
-0.854250
-0.275951
0.692757
0.669125
-0.218159
-0.891890
-0.345007
0.590456
0.752954
-0.184236
-0.846577
-0.425889
0.605492
0.724015
-0.139265
-0.885897
-0.369453
0.590461
0.739773
-0.236924
-0.854926
-0.327127
0.692757
0.637448
-0.320219
-0.889601
-0.139265
0.739308
0.549957
-0.529602
-0.803832
0.043595
0.845752
0.300514
-0.679889
-0.707444
0.359717
0.801516
0.032274
-0.863913
-0.407800
0.604881
0.692757
-0.379632
-0.840102
-0.053116
0.834482
0.320175
-0.689581
-0.672566
0.440512
0.766895
-0.133954
-0.894231
-0.181540
0.752280
0.463359
-0.667112
-0.679889
0.361181
0.812706
-0.173597
-0.856294
-0.170939
0.816031
0.339612
-0.705186
-0.619565
0.541666
0.692502
-0.345007
-0.860228
0.133954
0.817519
0.075226
-0.876538
-0.269721
0.739330
0.440512
-0.722264
-0.582240
0.528979
0.692757
-0.475352
-0.772492
0.263115
0.823779
-0.205359
-0.850200
0.000690
0.856024
0.040943
-0.845752
-0.223784
0.823779
0.240340
-0.794166
-0.396796
0.760506
0.387127
-0.725862
-0.518495
0.692757
0.485467
-0.663203
-0.595438
0.638745
0.542957
-0.620516
-0.635167
0.609284
0.566245
-0.605492
-0.642834
0.609284
0.558578
-0.620516
-0.619546
0.638745
0.518849
-0.663203
-0.562057
0.692757
0.441905
-0.725862
-0.463716
0.760506
0.320207
-0.794166
-0.316929
0.823779
0.147194
-0.845752
-0.117532
0.856024
-0.077279
-0.850200
0.128770
0.823779
-0.339704
-0.772492
0.398763
0.692757
-0.605569
-0.582240
0.645675
0.440512
-0.815919
-0.269721
0.799949
0.075226
-0.894108
0.133954
0.783639
-0.345007
-0.769091
0.541666
0.542976
-0.705186
-0.416201
0.816031
0.094350
-0.856294
0.097008
0.812706
-0.437770
-0.679889
0.590523
0.463359
-0.828869
-0.181540
0.817642
-0.133954
-0.843485
0.440512
0.595977
-0.689581
-0.396765
0.834482
-0.023473
-0.840102
0.303043
0.692757
-0.681471
-0.407800
0.787324
0.032274
-0.878105
0.359717
0.630855
-0.679889
-0.377103
0.845752
-0.120185
-0.803832
0.453012
0.549957
-0.815897
-0.139265
0.813011
-0.320219
-0.714037
0.692757
0.250537
-0.854926
0.160335
0.739773
-0.667050
-0.369453
0.809308
-0.139265
-0.800604
0.605492
0.349300
-0.846577
0.107647
0.752954
-0.667045
-0.345007
0.815301
-0.218159
-0.745714
0.692757
0.199361
-0.854250
0.312907
0.609284
-0.815881
-0.059136
0.780593
-0.529070
-0.472971
0.845752
-0.226346
-0.705186
0.676720
0.165735
-0.878077
0.476849
0.433014
-0.842119
0.149874
0.692757
-0.775964
-0.101982
0.780604
-0.562231
-0.396725
0.856277
-0.389379
-0.562231
0.784442
-0.133954
-0.745692
0.739773
0.030302
-0.798127
0.590575
0.244060
-0.881994
0.507660
0.349332
-0.856294
0.351731
0.498955
-0.885776
0.284991
0.543040
-0.828038
0.160378
0.638745
-0.844335
0.133954
0.637572
-0.787989
0.054422
0.695905
-0.815842
0.075226
0.663148
-0.777074
0.043724
0.692757
-0.824599
0.112658
0.630923
-0.803832
0.128861
0.627882
-0.863780
0.244060
0.527079
-0.845752
0.303123
0.476849
-0.894351
0.454274
0.320314
-0.846577
0.537122
0.207736
-0.843391
0.692757
-0.012621
-0.720096
0.752426
-0.181540
-0.619422
0.848851
-0.437662
-0.383948
0.807378
-0.605492
-0.170785
0.760506
-0.806540
0.155165
0.543100
-0.851971
0.408115
0.310214
-0.860065
0.692757
-0.066385
-0.656344
0.800089
-0.383948
-0.396632
0.830714
-0.722090
0.032274
0.603297
-0.845752
0.398921
0.284991
-0.839611
0.747770
-0.205172
-0.529070
0.817293
-0.590084
-0.117354
0.692757
-0.874068
0.417230
0.240542
-0.787989
0.739543
-0.259487
-0.463516
0.834482
-0.747064
0.133954
0.485686
-0.851971
0.612183
-0.048397
-0.619322
0.856024
-0.652054
0.005380
0.566483
-0.856294
0.568391
-0.005380
-0.634916
0.856024
-0.666835
0.048397
0.519109
-0.851971
0.639404
-0.133954
-0.518214
0.834482
-0.781147
0.259487
0.320493
-0.787989
0.771696
-0.417230
-0.223469
0.692757
-0.890598
0.590084
-0.076963
-0.529070
0.801880
-0.747770
0.263468
0.284991
-0.774305
0.845752
-0.605218
0.032274
0.477290
-0.830714
0.739727
-0.383948
-0.212862
0.656344
-0.893717
0.692757
-0.278066
-0.310214
0.692949
-0.851971
0.590946
-0.155165
-0.415762
0.760506
-0.883784
0.605492
-0.173091
-0.383948
0.719599
-0.848851
0.591019
-0.181540
-0.366693
0.720096
-0.893657
0.692757
-0.329051
-0.207736
0.596539
-0.846577
0.739950
-0.454274
-0.052462
0.476849
-0.822979
0.845752
-0.680829
0.244060
0.189649
-0.627882
0.802264
-0.803832
0.496790
-0.112658
-0.376365
0.692757
-0.889863
0.777074
-0.528740
0.075226
0.321059
-0.695905
0.813865
-0.787989
0.488520
-0.133954
-0.326129
0.638745
-0.870247
0.828038
-0.666056
0.284991
0.084766
-0.498955
0.725177
-0.856294
0.726444
-0.507660
0.108816
0.244060
-0.618283
0.798127
-0.890524
0.739773
-0.519340
0.133954
0.200747
-0.562231
0.744186
-0.856277
0.740910
-0.562231
0.213842
0.101982
-0.471312
0.692757
-0.871878
0.842119
-0.751372
0.476849
-0.203378
-0.165735
0.435022
-0.705186
0.799255
-0.845752
0.701720
-0.529070
0.214605
0.059136
-0.394264
0.609284
-0.816615
0.854250
-0.858156
0.692757
-0.517753
0.218159
0.033360
-0.345007
0.546268
-0.752954
0.808982
-0.846577
0.728990
-0.605492
0.355590
-0.139265
-0.156099
0.369453
-0.615104
0.739773
-0.866512
0.854926
-0.839379
0.692757
-0.558806
0.320219
-0.125175
-0.139265
0.326351
-0.549957
0.669644
-0.803832
0.821143
-0.845752
0.755706
-0.679889
0.504226
-0.359717
0.137578
0.032274
-0.256022
0.407800
-0.593260
0.692757
-0.812462
0.840102
-0.882338
0.834482
-0.802744
0.689581
-0.599220
0.440512
-0.313916
0.133954
0.004445
-0.181540
0.309491
-0.463359
0.563686
-0.679889
0.741935
-0.812706
0.832468
-0.856294
0.835588
-0.816031
0.761072
-0.705186
0.624966
-0.541666
0.446400
-0.345007
0.244852
-0.133954
0.038080
0.075226
-0.159191
0.269721
-0.335916
0.440512
-0.484805
0.582240
-0.602011
0.692757
-0.686568
0.772492
-0.739723
0.823779
-0.764256
0.850200
-0.763870
0.856024
-0.742670
0.845752
-0.704766
0.823779
-0.653994
0.794166
-0.593732
0.760506
-0.526812
0.725862
-0.455487
0.692757
-0.381460
0.663203
-0.305934
0.638745
-0.229689
0.620516
-0.153173
0.609284
-0.076589
0.605492
0.000000
0.609284
0.076583
0.620516
0.153100
0.638745
0.229345
0.663203
0.304871
0.692757
0.378898
0.725862
0.450222
0.760506
0.517143
0.794166
0.577404
0.823779
0.628177
0.845752
0.666080
0.856024
0.687281
0.850200
0.687667
0.823779
0.663133
0.772492
0.609979
0.692757
0.525422
0.582240
0.408216
0.440512
0.259327
0.269721
0.082602
0.075226
-0.114670
-0.133954
-0.321441
-0.345007
-0.522990
-0.541666
-0.701555
-0.705186
-0.837661
-0.816031
-0.912178
-0.856294
-0.909058
-0.812706
-0.818525
-0.679889
-0.640275
-0.463359
-0.386080
-0.181540
-0.081035
0.133954
0.237327
0.440512
0.522630
0.689581
0.726155
0.834482
0.805749
0.840102
0.735873
0.692757
0.516671
0.407800
0.179432
0.032274
-0.214168
-0.359717
-0.580815
-0.679889
-0.832295
-0.845752
-0.897732
-0.803832
-0.746234
-0.549957
-0.402941
-0.139265
0.048585
0.320219
0.482217
0.692757
0.762789
0.854926
0.789923
0.739773
0.538514
0.369453
0.079509
-0.139265
-0.432179
-0.605492
-0.805580
-0.846577
-0.885571
-0.752954
-0.622857
-0.345007
-0.109949
0.218159
0.441164
0.692757
0.781567
0.854250
0.740025
0.609284
0.317675
0.059136
-0.291194
-0.529070
-0.778309
-0.845752
-0.875844
-0.705186
-0.511612
-0.165735
0.126789
0.476849
0.674783
0.842119
0.795289
0.692757
0.394723
0.101982
-0.290432
-0.562231
-0.817499
-0.856277
-0.820776
-0.562231
-0.277336
0.133954
0.442751
0.739773
0.813935
0.798127
0.541694
0.244060
-0.185405
-0.507660
-0.803034
-0.856294
-0.801767
-0.498955
-0.161355
0.284991
0.589467
0.828038
0.793657
0.638745
0.249540
-0.133954
-0.565109
-0.787989
-0.890454
-0.695905
-0.397648
0.075226
0.452151
0.777074
0.813274
0.692757
0.299776
-0.112658
-0.573379
-0.803832
-0.878853
-0.627882
-0.266238
0.244060
0.604239
0.845752
0.746390
0.476849
-0.024127
-0.454274
-0.816539
-0.846577
-0.673128
-0.207736
0.252461
0.692757
0.817068
0.720096
0.290104
-0.181540
-0.667608
-0.848851
-0.796188
-0.383948
0.096501
0.605492
0.807195
0.760506
0.339173
-0.155165
-0.667535
-0.851971
-0.769539
-0.310214
0.201477
0.692757
0.817127
0.656344
0.136273
-0.383948
-0.816316
-0.830714
-0.553879
0.032274
0.528628
0.845752
0.697716
0.284991
-0.340058
-0.747770
-0.878469
-0.529070
0.000374
0.590084
0.814009
0.692757
0.146880
-0.417230
-0.848285
-0.787989
-0.397082
0.259487
0.704558
0.834482
0.441624
-0.133954
-0.715993
-0.851971
-0.595698
0.048397
0.590245
0.856024
0.558327
-0.005380
-0.644980
-0.856294
-0.643072
0.005380
0.575464
0.856024
0.542733
-0.048397
-0.688772
-0.851971
-0.562275
0.133954
0.670475
0.834482
0.386927
-0.259487
-0.816133
-0.787989
-0.317131
0.417230
0.797479
0.692757
0.040764
-0.590084
-0.893883
-0.529070
0.128582
0.747770
0.763022
0.284991
-0.475511
-0.845752
-0.679886
0.032274
0.645500
0.830714
0.320043
-0.383948
-0.876678
-0.656344
-0.010205
0.692757
0.783475
0.310214
-0.484704
-0.851971
-0.619689
0.155165
0.729951
0.760506
0.094196
-0.605492
-0.883967
-0.383948
0.361073
0.848851
0.542832
-0.181540
-0.829015
-0.720096
-0.063968
0.692757
0.766801
0.207736
-0.613712
-0.846577
-0.396904
0.454274
0.817761
0.476849
-0.379712
-0.845752
-0.603669
0.244060
0.787191
0.627882
-0.205451
-0.803832
-0.707512
0.112658
0.748010
0.692757
-0.120313
-0.777074
-0.739737
0.075226
0.739252
0.695905
-0.131011
-0.787989
-0.714162
0.133954
0.767746
0.638745
-0.236968
-0.828038
-0.619629
0.284991
0.809187
0.498955
-0.428320
-0.856294
-0.425922
0.507660
0.805404
0.244060
-0.667164
-0.798127
-0.106891
0.739773
0.669103
-0.133954
-0.861031
-0.562231
0.312790
0.856277
0.320136
-0.562231
-0.857193
-0.101982
0.699375
0.692757
-0.226463
-0.842119
-0.509603
0.476849
0.801488
0.165735
-0.753309
-0.705186
0.149757
0.845752
0.396382
-0.529070
-0.857182
-0.059136
0.739291
0.609284
-0.389496
-0.854250
-0.275951
0.692757
0.669125
-0.218159
-0.891890
-0.345007
0.590456
0.752954
-0.184236
-0.846577
-0.425889
0.605492
0.724015
-0.139265
-0.885897
-0.369453
0.590461
0.739773
-0.236924
-0.854926
-0.327127
0.692757
0.637448
-0.320219
-0.889601
-0.139265
0.739308
0.549957
-0.529602
-0.803832
0.043595
0.845752
0.300514
-0.679889
-0.707444
0.359717
0.801516
0.032274
-0.863913
-0.407800
0.604881
0.692757
-0.379632
-0.840102
-0.053116
0.834482
0.320175
-0.689581
-0.672566
0.440512
0.766895
-0.133954
-0.894231
-0.181540
0.752280
0.463359
-0.667112
-0.679889
0.361181
0.812706
-0.173597
-0.856294
-0.170939
0.816031
0.339612
-0.705186
-0.619565
0.541666
0.692502
-0.345007
-0.860228
0.133954
0.817519
0.075226
-0.876538
-0.269721
0.739330
0.440512
-0.722264
-0.582240
0.528979
0.692757
-0.475352
-0.772492
0.263115
0.823779
-0.205359
-0.850200
0.000690
0.856024
0.040943
-0.845752
-0.223784
0.823779
0.240340
-0.794166
-0.396796
0.760506
0.387127
-0.725862
-0.518495
0.692757
0.485467
-0.663203
-0.595438
0.638745
0.542957
-0.620516
-0.635167
0.609284
0.566245
-0.605492
-0.642834
0.609284
0.558578
-0.620516
-0.619546
0.638745
0.518849
-0.663203
-0.562057
0.692757
0.441905
-0.725862
-0.463716
0.760506
0.320207
-0.794166
-0.316929
0.823779
0.147194
-0.845752
-0.117532
0.856024
-0.077279
-0.850200
0.128770
0.823779
-0.339704
-0.772492
0.398763
0.692757
-0.605569
-0.582240
0.645675
0.440512
-0.815919
-0.269721
0.799949
0.075226
-0.894108
0.133954
0.783639
-0.345007
-0.769091
0.541666
0.542976
-0.705186
-0.416201
0.816031
0.094350
-0.856294
0.097008
0.812706
-0.437770
-0.679889
0.590523
0.463359
-0.828869
-0.181540
0.817642
-0.133954
-0.843485
0.440512
0.595977
-0.689581
-0.396765
0.834482
-0.023473
-0.840102
0.303043
0.692757
-0.681471
-0.407800
0.787324
0.032274
-0.878105
0.359717
0.630855
-0.679889
-0.377103
0.845752
-0.120185
-0.803832
0.453012
0.549957
-0.815897
-0.139265
0.813011
-0.320219
-0.714037
0.692757
0.250537
-0.854926
0.160335
0.739773
-0.667050
-0.369453
0.809308
-0.139265
-0.800604
0.605492
0.349300
-0.846577
0.107647
0.752954
-0.667045
-0.345007
0.815301
-0.218159
-0.745714
0.692757
0.199361
-0.854250
0.312907
0.609284
-0.815881
-0.059136
0.780593
-0.529070
-0.472971
0.845752
-0.226346
-0.705186
0.676720
0.165735
-0.878077
0.476849
0.433014
-0.842119
0.149874
0.692757
-0.775964
-0.101982
0.780604
-0.562231
-0.396725
0.856277
-0.389379
-0.562231
0.784442
-0.133954
-0.745692
0.739773
0.030302
-0.798127
0.590575
0.244060
-0.881994
0.507660
0.349332
-0.856294
0.351731
0.498955
-0.885776
0.284991
0.543040
-0.828038
0.160378
0.638745
-0.844335
0.133954
0.637572
-0.787989
0.054422
0.695905
-0.815842
0.075226
0.663148
-0.777074
0.043724
0.692757
-0.824599
0.112658
0.630923
-0.803832
0.128861
0.627882
-0.863780
0.244060
0.527079
-0.845752
0.303123
0.476849
-0.894351
0.454274
0.320314
-0.846577
0.537122
0.207736
-0.843391
0.692757
-0.012621
-0.720096
0.752426
-0.181540
-0.619422
0.848851
-0.437662
-0.383948
0.807378
-0.605492
-0.170785
0.760506
-0.806540
0.155165
0.543100
-0.851971
0.408115
0.310214
-0.860065
0.692757
-0.066385
-0.656344
0.800089
-0.383948
-0.396632
0.830714
-0.722090
0.032274
0.603297
-0.845752
0.398921
0.284991
-0.839611
0.747770
-0.205172
-0.529070
0.817293
-0.590084
-0.117354
0.692757
-0.874068
0.417230
0.240542
-0.787989
0.739543
-0.259487
-0.463516
0.834482
-0.747064
0.133954
0.485686
-0.851971
0.612183
-0.048397
-0.619322
0.856024
-0.652054
0.005380
0.566483
-0.856294
0.568391
-0.005380
-0.634916
0.856024
-0.666835
0.048397
0.519109
-0.851971
0.639404
-0.133954
-0.518214
0.834482
-0.781147
0.259487
0.320493
-0.787989
0.771696
-0.417230
-0.223469
0.692757
-0.890598
0.590084
-0.076963
-0.529070
0.801880
-0.747770
0.263468
0.284991
-0.774305
0.845752
-0.605218
0.032274
0.477290
-0.830714
0.739727
-0.383948
-0.212862
0.656344
-0.893717
0.692757
-0.278066
-0.310214
0.692949
-0.851971
0.590946
-0.155165
-0.415762
0.760506
-0.883784
0.605492
-0.173091
-0.383948
0.719599
-0.848851
0.591019
-0.181540
-0.366693
0.720096
-0.893657
0.692757
-0.329051
-0.207736
0.596539
-0.846577
0.739950
-0.454274
-0.052462
0.476849
-0.822979
0.845752
-0.680829
0.244060
0.189649
-0.627882
0.802264
-0.803832
0.496790
-0.112658
-0.376365
0.692757
-0.889863
0.777074
-0.528740
0.075226
0.321059
-0.695905
0.813865
-0.787989
0.488520
-0.133954
-0.326129
0.638745
-0.870247
0.828038
-0.666056
0.284991
0.084766
-0.498955
0.725177
-0.856294
0.726444
-0.507660
0.108816
0.244060
-0.618283
0.798127
-0.890524
0.739773
-0.519340
0.133954
0.200747
-0.562231
0.744186
-0.856277
0.740910
-0.562231
0.213842
0.101982
-0.471312
0.692757
-0.871878
0.842119
-0.751372
0.476849
-0.203378
-0.165735
0.435022
-0.705186
0.799255
-0.845752
0.701720
-0.529070
0.214605
0.059136
-0.394264
0.609284
-0.816615
0.854250
-0.858156
0.692757
-0.517753
0.218159
0.033360
-0.345007
0.546268
-0.752954
0.808982
-0.846577
0.728990
-0.605492
0.355590
-0.139265
-0.156099
0.369453
-0.615104
0.739773
-0.866512
0.854926
-0.839379
0.692757
-0.558806
0.320219
-0.125175
-0.139265
0.326351
-0.549957
0.669644
-0.803832
0.821143
-0.845752
0.755706
-0.679889
0.504226
-0.359717
0.137578
0.032274
-0.256022
0.407800
-0.593260
0.692757
-0.812462
0.840102
-0.882338
0.834482
-0.802744
0.689581
-0.599220
0.440512
-0.313916
0.133954
0.004445
-0.181540
0.309491
-0.463359
0.563686
-0.679889
0.741935
-0.812706
0.832468
-0.856294
0.835588
-0.816031
0.761072
-0.705186
0.624966
-0.541666
0.446400
-0.345007
0.244852
-0.133954
0.038080
0.075226
-0.159191
0.269721
-0.335916
0.440512
-0.484805
0.582240
-0.602011
0.692757
-0.686568
0.772492
-0.739723
0.823779
-0.764256
0.850200
-0.763870
0.856024
-0.742670
0.845752
-0.704766
0.823779
-0.653994
0.794166
-0.593732
0.760506
-0.526812
0.725862
-0.455487
0.692757
-0.381460
0.663203
-0.305934
0.638745
-0.229689
0.620516
-0.153173
0.609284
-0.076589
0.605492
0.000000
0.609284
0.076583
0.620516
0.153100
0.638745
0.229345
0.663203
0.304871
0.692757
0.378898
0.725862
0.450222
0.760506
0.517143
0.794166
0.577404
0.823779
0.628177
0.845752
0.666080
0.856024
0.687281
0.850200
0.687667
0.823779
0.663133
0.772492
0.609979
0.692757
0.525422
0.582240
0.408216
0.440512
0.259327
0.269721
0.082602
0.075226
-0.114670
-0.133954
-0.321441
-0.345007
-0.522990
-0.541666
-0.701555
-0.705186
-0.837661
-0.816031
-0.912178
-0.856294
-0.909058
-0.812706
-0.818525
-0.679889
-0.640275
-0.463359
-0.386080
-0.181540
-0.081035
0.133954
0.237327
0.440512
0.522630
0.689581
0.726155
0.834482
0.805749
0.840102
0.735873
0.692757
0.516671
0.407800
0.179432
0.032274
-0.214168
-0.359717
-0.580815
-0.679889
-0.832295
-0.845752
-0.897732
-0.803832
-0.746234
-0.549957
-0.402941
-0.139265
0.048585
0.320219
0.482217
0.692757
0.762789
0.854926
0.789923
0.739773
0.538514
0.369453
0.079509
-0.139265
-0.432179
-0.605492
-0.805580
-0.846577
-0.885571
-0.752954
-0.622857
-0.345007
-0.109949
0.218159
0.441164
0.692757
0.781567
0.854250
0.740025
0.609284
0.317675
0.059136
-0.291194
-0.529070
-0.778309
-0.845752
-0.875844
-0.705186
-0.511612
-0.165735
0.126789
0.476849
0.674783
0.842119
0.795289
0.692757
0.394723
0.101982
-0.290432
-0.562231
-0.817499
-0.856277
-0.820776
-0.562231
-0.277336
0.133954
0.442751
0.739773
0.813935
0.798127
0.541694
0.244060
-0.185405
-0.507660
-0.803034
-0.856294
-0.801767
-0.498955
-0.161355
0.284991
0.589467
0.828038
0.793657
0.638745
0.249540
-0.133954
-0.565109
-0.787989
-0.890454
-0.695905
-0.397648
0.075226
0.452151
0.777074
0.813274
0.692757
0.299776
-0.112658
-0.573379
-0.803832
-0.878853
-0.627882
-0.266238
0.244060
0.604239
0.845752
0.746390
0.476849
-0.024127
-0.454274
-0.816539
-0.846577
-0.673128
-0.207736
0.252461
0.692757
0.817068
0.720096
0.290104
-0.181540
-0.667608
-0.848851
-0.796188
-0.383948
0.096501
0.605492
0.807195
0.760506
0.339173
-0.155165
-0.667535
-0.851971
-0.769539
-0.310214
0.201477
0.692757
0.817127
0.656344
0.136273
-0.383948
-0.816316
-0.830714
-0.553879
0.032274
0.528628
0.845752
0.697716
0.284991
-0.340058
-0.747770
-0.878469
-0.529070
0.000374
0.590084
0.814009
0.692757
0.146880
-0.417230
-0.848285
-0.787989
-0.397082
0.259487
0.704558
0.834482
0.441624
-0.133954
-0.715993
-0.851971
-0.595698
0.048397
0.590245
0.856024
0.558327
-0.005380
-0.644980
-0.856294
-0.643072
0.005380
0.575464
0.856024
0.542733
-0.048397
-0.688772
-0.851971
-0.562275
0.133954
0.670475
0.834482
0.386927
-0.259487
-0.816133
-0.787989
-0.317131
0.417230
0.797479
0.692757
0.040764
-0.590084
-0.893883
-0.529070
0.128582
0.747770
0.763022
0.284991
-0.475511
-0.845752
-0.679886
0.032274
0.645500
0.830714
0.320043
-0.383948
-0.876678
-0.656344
-0.010205
0.692757
0.783475
0.310214
-0.484704
-0.851971
-0.619689
0.155165
0.729951
0.760506
0.094196
-0.605492
-0.883967
-0.383948
0.361073
0.848851
0.542832
-0.181540
-0.829015
-0.720096
-0.063968
0.692757
0.766801
0.207736
-0.613712
-0.846577
-0.396904
0.454274
0.817761
0.476849
-0.379712
-0.845752
-0.603669
0.244060
0.787191
0.627882
-0.205451
-0.803832
-0.707512
0.112658
0.748010
0.692757
-0.120313
-0.777074
-0.739737
0.075226
0.739252
0.695905
-0.131011
-0.787989
-0.714162
0.133954
0.767746
0.638745
-0.236968
-0.828038
-0.619629
0.284991
0.809187
0.498955
-0.428320
-0.856294
-0.425922
0.507660
0.805404
0.244060
-0.667164
-0.798127
-0.106891
0.739773
0.669103
-0.133954
-0.861031
-0.562231
0.312790
0.856277
0.320136
-0.562231
-0.857193
-0.101982
0.699375
0.692757
-0.226463
-0.842119
-0.509603
0.476849
0.801488
0.165735
-0.753309
-0.705186
0.149757
0.845752
0.396382
-0.529070
-0.857182
-0.059136
0.739291
0.609284
-0.389496
-0.854250
-0.275951
0.692757
0.669125
-0.218159
-0.891890
-0.345007
0.590456
0.752954
-0.184236
-0.846577
-0.425889
0.605492
0.724015
-0.139265
-0.885897
-0.369453
0.590461
0.739773
-0.236924
-0.854926
-0.327127
0.692757
0.637448
-0.320219
-0.889601
-0.139265
0.739308
0.549957
-0.529602
-0.803832
0.043595
0.845752
0.300514
-0.679889
-0.707444
0.359717
0.801516
0.032274
-0.863913
-0.407800
0.604881
0.692757
-0.379632
-0.840102
-0.053116
0.834482
0.320175
-0.689581
-0.672566
0.440512
0.766895
-0.133954
-0.894231
-0.181540
0.752280
0.463359
-0.667112
-0.679889
0.361181
0.812706
-0.173597
-0.856294
-0.170939
0.816031
0.339612
-0.705186
-0.619565
0.541666
0.692502
-0.345007
-0.860228
0.133954
0.817519
0.075226
-0.876538
-0.269721
0.739330
0.440512
-0.722264
-0.582240
0.528979
0.692757
-0.475352
-0.772492
0.263115
0.823779
-0.205359
-0.850200
0.000690
0.856024
0.040943
-0.845752
-0.223784
0.823779
0.240340
-0.794166
-0.396796
0.760506
0.387127
-0.725862
-0.518495
0.692757
0.485467
-0.663203
-0.595438
0.638745
0.542957
-0.620516
-0.635167
0.609284
0.566245
-0.605492
-0.642834
0.609284
0.558578
-0.620516
-0.619546
0.638745
0.518849
-0.663203
-0.562057
0.692757
0.441905
-0.725862
-0.463716
0.760506
0.320207
-0.794166
-0.316929
0.823779
0.147194
-0.845752
-0.117532
0.856024
-0.077279
-0.850200
0.128770
0.823779
-0.339704
-0.772492
0.398763
0.692757
-0.605569
-0.582240
0.645675
0.440512
-0.815919
-0.269721
0.799949
0.075226
-0.894108
0.133954
0.783639
-0.345007
-0.769091
0.541666
0.542976
-0.705186
-0.416201
0.816031
0.094350
-0.856294
0.097008
0.812706
-0.437770
-0.679889
0.590523
0.463359
-0.828869
-0.181540
0.817642
-0.133954
-0.843485
0.440512
0.595977
-0.689581
-0.396765
0.834482
-0.023473
-0.840102
0.303043
0.692757
-0.681471
-0.407800
0.787324
0.032274
-0.878105
0.359717
0.630855
-0.679889
-0.377103
0.845752
-0.120185
-0.803832
0.453012
0.549957
-0.815897
-0.139265
0.813011
-0.320219
-0.714037
0.692757
0.250537
-0.854926
0.160335
0.739773
-0.667050
-0.369453
0.809308
-0.139265
-0.800604
0.605492
0.349300
-0.846577
0.107647
0.752954
-0.667045
-0.345007
0.815301
-0.218159
-0.745714
0.692757
0.199361
-0.854250
0.312907
0.609284
-0.815881
-0.059136
0.780593
-0.529070
-0.472971
0.845752
-0.226346
-0.705186
0.676720
0.165735
-0.878077
0.476849
0.433014
-0.842119
0.149874
0.692757
-0.775964
-0.101982
0.780604
-0.562231
-0.396725
0.856277
-0.389379
-0.562231
0.784442
-0.133954
-0.745692
0.739773
0.030302
-0.798127
0.590575
0.244060
-0.881994
0.507660
0.349332
-0.856294
0.351731
0.498955
-0.885776
0.284991
0.543040
-0.828038
0.160378
0.638745
-0.844335
0.133954
0.637572
-0.787989
0.054422
0.695905
-0.815842
0.075226
0.663148
-0.777074
0.043724
0.692757
-0.824599
0.112658
0.630923
-0.803832
0.128861
0.627882
-0.863780
0.244060
0.527079
-0.845752
0.303123
0.476849
-0.894351
0.454274
0.320314
-0.846577
0.537122
0.207736
-0.843391
0.692757
-0.012621
-0.720096
0.752426
-0.181540
-0.619422
0.848851
-0.437662
-0.383948
0.807378
-0.605492
-0.170785
0.760506
-0.806540
0.155165
0.543100
-0.851971
0.408115
0.310214
-0.860065
0.692757
-0.066385
-0.656344
0.800089
-0.383948
-0.396632
0.830714
-0.722090
0.032274
0.603297
-0.845752
0.398921
0.284991
-0.839611
0.747770
-0.205172
-0.529070
0.817293
-0.590084
-0.117354
0.692757
-0.874068
0.417230
0.240542
-0.787989
0.739543
-0.259487
-0.463516
0.834482
-0.747064
0.133954
0.485686
-0.851971
0.612183
-0.048397
-0.619322
0.856024
-0.652054
0.005380
0.566483
-0.856294
0.568391
-0.005380
-0.634916
0.856024
-0.666835
0.048397
0.519109
-0.851971
0.639404
-0.133954
-0.518214
0.834482
-0.781147
0.259487
0.320493
-0.787989
0.771696
-0.417230
-0.223469
0.692757
-0.890598
0.590084
-0.076963
-0.529070
0.801880
-0.747770
0.263468
0.284991
-0.774305
0.845752
-0.605218
0.032274
0.477290
-0.830714
0.739727
-0.383948
-0.212862
0.656344
-0.893717
0.692757
-0.278066
-0.310214
0.692949
-0.851971
0.590946
-0.155165
-0.415762
0.760506
-0.883784
0.605492
-0.173091
-0.383948
0.719599
-0.848851
0.591019
-0.181540
-0.366693
0.720096
-0.893657
0.692757
-0.329051
-0.207736
0.596539
-0.846577
0.739950
-0.454274
-0.052462
0.476849
-0.822979
0.845752
-0.680829
0.244060
0.189649
-0.627882
0.802264
-0.803832
0.496790
-0.112658
-0.376365
0.692757
-0.889863
0.777074
-0.528740
0.075226
0.321059
-0.695905
0.813865
-0.787989
0.488520
-0.133954
-0.326129
0.638745
-0.870247
0.828038
-0.666056
0.284991
0.084766
-0.498955
0.725177
-0.856294
0.726444
-0.507660
0.108816
0.244060
-0.618283
0.798127
-0.890524
0.739773
-0.519340
0.133954
0.200747
-0.562231
0.744186
-0.856277
0.740910
-0.562231
0.213842
0.101982
-0.471312
0.692757
-0.871878
0.842119
-0.751372
0.476849
-0.203378
-0.165735
0.435022
-0.705186
0.799255
-0.845752
0.701720
-0.529070
0.214605
0.059136
-0.394264
0.609284
-0.816615
0.854250
-0.858156
0.692757
-0.517753
0.218159
0.033360
-0.345007
0.546268
-0.752954
0.808982
-0.846577
0.728990
-0.605492
0.355590
-0.139265
-0.156099
0.369453
-0.615104
0.739773
-0.866512
0.854926
-0.839379
0.692757
-0.558806
0.320219
-0.125175
-0.139265
0.326351
-0.549957
0.669644
-0.803832
0.821143
-0.845752
0.755706
-0.679889
0.504226
-0.359717
0.137578
0.032274
-0.256022
0.407800
-0.593260
0.692757
-0.812462
0.840102
-0.882338
0.834482
-0.802744
0.689581
-0.599220
0.440512
-0.313916
0.133954
0.004445
-0.181540
0.309491
-0.463359
0.563686
-0.679889
0.741935
-0.812706
0.832468
-0.856294
0.835588
-0.816031
0.761072
-0.705186
0.624966
-0.541666
0.446400
-0.345007
0.244852
-0.133954
0.038080
0.075226
-0.159191
0.269721
-0.335916
0.440512
-0.484805
0.582240
-0.602011
0.692757
-0.686568
0.772492
-0.739723
0.823779
-0.764256
0.850200
-0.763870
0.856024
-0.742670
0.845752
-0.704766
0.823779
-0.653994
0.794166
-0.593732
0.760506
-0.526812
0.725862
-0.455487
0.692757
-0.381460
0.663203
-0.305934
0.638745
-0.229689
0.620516
-0.153173
0.609284
-0.076589
0.605492
0.000000
0.609284
0.076583
0.620516
0.153100
0.638745
0.229345
0.663203
0.304871
0.692757
0.378898
0.725862
0.450222
0.760506
0.517143
0.794166
0.577404
0.823779
0.628177
0.845752
0.666080
0.856024
0.687281
0.850200
0.687667
0.823779
0.663133
0.772492
0.609979
0.692757
0.525422
0.582240
0.408216
0.440512
0.259327
0.269721
0.082602
0.075226
-0.114670
-0.133954
-0.321441
-0.345007
-0.522990
-0.541666
-0.701555
-0.705186
-0.837661
-0.816031
-0.912178
-0.856294
-0.909058
-0.812706
-0.818525
-0.679889
-0.640275
-0.463359
-0.386080
-0.181540
-0.081035
0.133954
0.237327
0.440512
0.522630
0.689581
0.726155
0.834482
0.805749
0.840102
0.735873
0.692757
0.516671
0.407800
0.179432
0.032274
-0.214168
-0.359717
-0.580815
-0.679889
-0.832295
-0.845752
-0.897732
-0.803832
-0.746234
-0.549957
-0.402941
-0.139265
0.048585
0.320219
0.482217
0.692757
0.762789
0.854926
0.789923
0.739773
0.538514
0.369453
0.079509
-0.139265
-0.432179
-0.605492
-0.805580
-0.846577
-0.885571
-0.752954
-0.622857
-0.345007
-0.109949
0.218159
0.441164
0.692757
0.781567
0.854250
0.740025
0.609284
0.317675
0.059136
-0.291194
-0.529070
-0.778309
-0.845752
-0.875844
-0.705186
-0.511612
-0.165735
0.126789
0.476849
0.674783
0.842119
0.795289
0.692757
0.394723
0.101982
-0.290432
-0.562231
-0.817499
-0.856277
-0.820776
-0.562231
-0.277336
0.133954
0.442751
0.739773
0.813935
0.798127
0.541694
0.244060
-0.185405
-0.507660
-0.803034
-0.856294
-0.801767
-0.498955
-0.161355
0.284991
0.589467
0.828038
0.793657
0.638745
0.249540
-0.133954
-0.565109
-0.787989
-0.890454
-0.695905
-0.397648
0.075226
0.452151
0.777074
0.813274
0.692757
0.299776
-0.112658
-0.573379
-0.803832
-0.878853
-0.627882
-0.266238
0.244060
0.604239
0.845752
0.746390
0.476849
-0.024127
-0.454274
-0.816539
-0.846577
-0.673128
-0.207736
0.252461
0.692757
0.817068
0.720096
0.290104
-0.181540
-0.667608
-0.848851
-0.796188
-0.383948
0.096501
0.605492
0.807195
0.760506
0.339173
-0.155165
-0.667535
-0.851971
-0.769539
-0.310214
0.201477
0.692757
0.817127
0.656344
0.136273
-0.383948
-0.816316
-0.830714
-0.553879
0.032274
0.528628
0.845752
0.697716
0.284991
-0.340058
-0.747770
-0.878469
-0.529070
0.000374
0.590084
0.814009
0.692757
0.146880
-0.417230
-0.848285
-0.787989
-0.397082
0.259487
0.704558
0.834482
0.441624
-0.133954
-0.715993
-0.851971
-0.595698
0.048397
0.590245
0.856024
0.558327
-0.005380
-0.644980
-0.856294
-0.643072
0.005380
0.575464
0.856024
0.542733
-0.048397
-0.688772
-0.851971
-0.562275
0.133954
0.670475
0.834482
0.386927
-0.259487
-0.816133
-0.787989
-0.317131
0.417230
0.797479
0.692757
0.040764
-0.590084
-0.893883
-0.529070
0.128582
0.747770
0.763022
0.284991
-0.475511
-0.845752
-0.679886
0.032274
0.645500
0.830714
0.320043
-0.383948
-0.876678
-0.656344
-0.010205
0.692757
0.783475
0.310214
-0.484704
-0.851971
-0.619689
0.155165
0.729951
0.760506
0.094196
-0.605492
-0.883967
-0.383948
0.361073
0.848851
0.542832
-0.181540
-0.829015
-0.720096
-0.063968
0.692757
0.766801
0.207736
-0.613712
-0.846577
-0.396904
0.454274
0.817761
0.476849
-0.379712
-0.845752
-0.603669
0.244060
0.787191
0.627882
-0.205451
-0.803832
-0.707512
0.112658
0.748010
0.692757
-0.120313
-0.777074
-0.739737
0.075226
0.739252
0.695905
-0.131011
-0.787989
-0.714162
0.133954
0.767746
0.638745
-0.236968
-0.828038
-0.619629
0.284991
0.809187
0.498955
-0.428320
-0.856294
-0.425922
0.507660
0.805404
0.244060
-0.667164
-0.798127
-0.106891
0.739773
0.669103
-0.133954
-0.861031
-0.562231
0.312790
0.856277
0.320136
-0.562231
-0.857193
-0.101982
0.699375
0.692757
-0.226463
-0.842119
-0.509603
0.476849
0.801488
0.165735
-0.753309
-0.705186
0.149757
0.845752
0.396382
-0.529070
-0.857182
-0.059136
0.739291
0.609284
-0.389496
-0.854250
-0.275951
0.692757
0.669125
-0.218159
-0.891890
-0.345007
0.590456
0.752954
-0.184236
-0.846577
-0.425889
0.605492
0.724015
-0.139265
-0.885897
-0.369453
0.590461
0.739773
-0.236924
-0.854926
-0.327127
0.692757
0.637448
-0.320219
-0.889601
-0.139265
0.739308
0.549957
-0.529602
-0.803832
0.043595
0.845752
0.300514
-0.679889
-0.707444
0.359717
0.801516
0.032274
-0.863913
-0.407800
0.604881
0.692757
-0.379632
-0.840102
-0.053116
0.834482
0.320175
-0.689581
-0.672566
0.440512
0.766895
-0.133954
-0.894231
-0.181540
0.752280
0.463359
-0.667112
-0.679889
0.361181
0.812706
-0.173597
-0.856294
-0.170939
0.816031
0.339612
-0.705186
-0.619565
0.541666
0.692502
-0.345007
-0.860228
0.133954
0.817519
0.075226
-0.876538
-0.269721
0.739330
0.440512
-0.722264
-0.582240
0.528979
0.692757
-0.475352
-0.772492
0.263115
0.823779
-0.205359
-0.850200
0.000690
0.856024
0.040943
-0.845752
-0.223784
0.823779
0.240340
-0.794166
-0.396796
0.760506
0.387127
-0.725862
-0.518495
0.692757
0.485467
-0.663203
-0.595438
0.638745
0.542957
-0.620516
-0.635167
0.609284
0.566245
-0.605492
-0.642834
0.609284
0.558578
-0.620516
-0.619546
0.638745
0.518849
-0.663203
-0.562057
0.692757
0.441905
-0.725862
-0.463716
0.760506
0.320207
-0.794166
-0.316929
0.823779
0.147194
-0.845752
-0.117532
0.856024
-0.077279
-0.850200
0.128770
0.823779
-0.339704
-0.772492
0.398763
0.692757
-0.605569
-0.582240
0.645675
0.440512
-0.815919
-0.269721
0.799949
0.075226
-0.894108
0.133954
0.783639
-0.345007
-0.769091
0.541666
0.542976
-0.705186
-0.416201
0.816031
0.094350
-0.856294
0.097008
0.812706
-0.437770
-0.679889
0.590523
0.463359
-0.828869
-0.181540
0.817642
-0.133954
-0.843485
0.440512
0.595977
-0.689581
-0.396765
0.834482
-0.023473
-0.840102
0.303043
0.692757
-0.681471
-0.407800
0.787324
0.032274
-0.878105
0.359717
0.630855
-0.679889
-0.377103
0.845752
-0.120185
-0.803832
0.453012
0.549957
-0.815897
-0.139265
0.813011
-0.320219
-0.714037
0.692757
0.250537
-0.854926
0.160335
0.739773
-0.667050
-0.369453
0.809308
-0.139265
-0.800604
0.605492
0.349300
-0.846577
0.107647
0.752954
-0.667045
-0.345007
0.815301
-0.218159
-0.745714
0.692757
0.199361
-0.854250
0.312907
0.609284
-0.815881
-0.059136
0.780593
-0.529070
-0.472971
0.845752
-0.226346
-0.705186
0.676720
0.165735
-0.878077
0.476849
0.433014
-0.842119
0.149874
0.692757
-0.775964
-0.101982
0.780604
-0.562231
-0.396725
0.856277
-0.389379
-0.562231
0.784442
-0.133954
-0.745692
0.739773
0.030302
-0.798127
0.590575
0.244060
-0.881994
0.507660
0.349332
-0.856294
0.351731
0.498955
-0.885776
0.284991
0.543040
-0.828038
0.160378
0.638745
-0.844335
0.133954
0.637572
-0.787989
0.054422
0.695905
-0.815842
0.075226
0.663148
-0.777074
0.043724
0.692757
-0.824599
0.112658
0.630923
-0.803832
0.128861
0.627882
-0.863780
0.244060
0.527079
-0.845752
0.303123
0.476849
-0.894351
0.454274
0.320314
-0.846577
0.537122
0.207736
-0.843391
0.692757
-0.012621
-0.720096
0.752426
-0.181540
-0.619422
0.848851
-0.437662
-0.383948
0.807378
-0.605492
-0.170785
0.760506
-0.806540
0.155165
0.543100
-0.851971
0.408115
0.310214
-0.860065
0.692757
-0.066385
-0.656344
0.800089
-0.383948
-0.396632
0.830714
-0.722090
0.032274
0.603297
-0.845752
0.398921
0.284991
-0.839611
0.747770
-0.205172
-0.529070
0.817293
-0.590084
-0.117354
0.692757
-0.874068
0.417230
0.240542
-0.787989
0.739543
-0.259487
-0.463516
0.834482
-0.747064
0.133954
0.485686
-0.851971
0.612183
-0.048397
-0.619322
0.856024
-0.652054
0.005380
0.566483
-0.856294
0.568391
-0.005380
-0.634916
0.856024
-0.666835
0.048397
0.519109
-0.851971
0.639404
-0.133954
-0.518214
0.834482
-0.781147
0.259487
0.320493
-0.787989
0.771696
-0.417230
-0.223469
0.692757
-0.890598
0.590084
-0.076963
-0.529070
0.801880
-0.747770
0.263468
0.284991
-0.774305
0.845752
-0.605218
0.032274
0.477290
-0.830714
0.739727
-0.383948
-0.212862
0.656344
-0.893717
0.692757
-0.278066
-0.310214
0.692949
-0.851971
0.590946
-0.155165
-0.415762
0.760506
-0.883784
0.605492
-0.173091
-0.383948
0.719599
-0.848851
0.591019
-0.181540
-0.366693
0.720096
-0.893657
0.692757
-0.329051
-0.207736
0.596539
-0.846577
0.739950
-0.454274
-0.052462
0.476849
-0.822979
0.845752
-0.680829
0.244060
0.189649
-0.627882
0.802264
-0.803832
0.496790
-0.112658
-0.376365
0.692757
-0.889863
0.777074
-0.528740
0.075226
0.321059
-0.695905
0.813865
-0.787989
0.488520
-0.133954
-0.326129
0.638745
-0.870247
0.828038
-0.666056
0.284991
0.084766
-0.498955
0.725177
-0.856294
0.726444
-0.507660
0.108816
0.244060
-0.618283
0.798127
-0.890524
0.739773
-0.519340
0.133954
0.200747
-0.562231
0.744186
-0.856277
0.740910
-0.562231
0.213842
0.101982
-0.471312
0.692757
-0.871878
0.842119
-0.751372
0.476849
-0.203378
-0.165735
0.435022
-0.705186
0.799255
-0.845752
0.701720
-0.529070
0.214605
0.059136
-0.394264
0.609284
-0.816615
0.854250
-0.858156
0.692757
-0.517753
0.218159
0.033360
-0.345007
0.546268
-0.752954
0.808982
-0.846577
0.728990
-0.605492
0.355590
-0.139265
-0.156099
0.369453
-0.615104
0.739773
-0.866512
0.854926
-0.839379
0.692757
-0.558806
0.320219
-0.125175
-0.139265
0.326351
-0.549957
0.669644
-0.803832
0.821143
-0.845752
0.755706
-0.679889
0.504226
-0.359717
0.137578
0.032274
-0.256022
0.407800
-0.593260
0.692757
-0.812462
0.840102
-0.882338
0.834482
-0.802744
0.689581
-0.599220
0.440512
-0.313916
0.133954
0.004445
-0.181540
0.309491
-0.463359
0.563686
-0.679889
0.741935
-0.812706
0.832468
-0.856294
0.835588
-0.816031
0.761072
-0.705186
0.624966
-0.541666
0.446400
-0.345007
0.244852
-0.133954
0.038080
0.075226
-0.159191
0.269721
-0.335916
0.440512
-0.484805
0.582240
-0.602011
0.692757
-0.686568
0.772492
-0.739723
0.823779
-0.764256
0.850200
-0.763870
0.856024
-0.742670
0.845752
-0.704766
0.823779
-0.653994
0.794166
-0.593732
0.760506
-0.526812
0.725862
-0.455487
0.692757
-0.381460
0.663203
-0.305934
0.638745
-0.229689
0.620516
-0.153173
0.609284
-0.076589
0.605492
